data/dem.asc
ncols         636
nrows         216
xllcorner     319840
yllcorner     4763940
cellsize      100
NODATA_value  -9999
[rows 128 to 159 of 216, columns 432 to 503 of 636]
678.7916 631.816 639.5127 648.6958 653.0312 670.963 691.2952 675.624 645.5641 643.4062 634.624 619.9507 616.6312 626.8428 623.1547 606.2954 583.5546 536.3365 511.4657 500.3354 527.5931 522.5531 513.0784 504.691 506.6834 505.6213 522.5084 556.0093 597.169 555.1155 494.5593 464.1083 471.0713 509.184 557.4943 606.2449 653.8511 698.2659 744.6149 797.8076 840.973 862.5634 889.9415 903.3863 884.4889 890.3706 958.1932 1030.948 1092.976 1113.686 1087.683 1052.463 1058.544 1079.434 1094.652 1080.354 1068.075 1059.053 1068.45 1077.172 1097.717 1115.273 1139.057 1177.664 1220.955 1277.899 1320.061 -9999 -9999 -9999 -9999 -9999
712.4609 659.0528 615.113 634.1569 628.958 632.8518 649.9303 634.3289 624.5953 628.9274 622.2251 608.3087 602.9661 590.4755 573.0543 561.5565 546.6613 524.8262 556.1627 561.8054 583.2837 558.7658 540.1255 539.8044 543.3946 536.6459 567.3356 613.845 624.1445 573.3099 514.9063 479.6184 468.6756 494.7678 550.1536 593.0396 632.3562 669.1605 713.4399 756.1278 782.9965 801.6611 833.1382 845.8973 823.2963 872.4532 943.1831 999.9846 1053.953 1067.391 1039.458 998.0733 987.0509 1016.427 1043.501 1024.177 1001.353 998.1432 1006.928 1014.585 1046.445 1063.516 1088.089 1130.109 1184.995 1249.615 1315.774 -9999 -9999 -9999 -9999 -9999
695.894 674.848 618.3911 604.3787 610.6215 601.2743 604.5737 600.0507 599.5247 606.0646 606.0666 593.8225 584.2158 561.5767 534.3922 521.5825 524.8787 551.4686 604.5645 632.4308 641.5961 613.5094 596.2694 602.2998 605.8462 603.9586 628.4217 640.113 604.2308 573.2594 533.0712 494.0721 475.546 511.7638 573.2761 615.6503 650.395 688.0769 706.1573 719.3443 740.9164 763.6414 794.9169 780.8984 792.5256 855.5912 900.2889 959.0171 1009.435 1016.302 982.7603 962.824 924.2394 953.0047 988.8058 970.1766 935.5573 931.6368 940.1221 960.9833 995.2158 1036.632 1087.444 1132.76 1185.351 1247.647 1314.405 -9999 -9999 -9999 -9999 -9999
661.9708 660.2307 649.6537 609.3818 582.2977 582.8179 574.3743 571.1163 568.7346 572.1536 575.6954 576.8634 560.0443 537.3965 526.7302 537.105 568.8859 599.1647 641.9498 682.9827 686.9199 659.7948 652.9163 657.8009 671.3959 671.3475 671.3808 636.2559 589.9175 557.3777 527.2592 505.3173 483.2002 534.5239 578.9583 632.4022 667.1788 681.8386 687.5303 703.3622 715.9917 728.3747 758.1359 738.647 763.082 817.0273 880.3141 945.3926 960.0002 960.9849 927.4969 905.5345 879.9396 890.704 922.358 907.5565 879.9971 911.7443 949.6733 994.8087 1022.382 1067.49 1123.211 1183.434 1224.679 1277.257 1324.96 -9999 -9999 -9999 -9999 -9999
625.1762 630.4115 630.8267 621.9429 591.2893 562.7061 555.2435 542.761 539.0855 539.4137 539.3577 539.2295 533.6762 543.8644 567.7515 559.578 591.0202 632.2311 669.6581 703.5367 727.6559 713.4672 706.8734 710.1693 715.5405 711.1813 681.0837 631.1685 590.3531 556.5389 535.9001 516.0658 486.0008 525.334 566.1816 615.8223 638.3327 654.9017 659.3197 667.6984 687.7093 709.8352 721.1279 704.7048 758.0439 824.3704 892.4619 929.0304 907.6488 904.9898 872.6878 845.3708 842.0582 833.8106 843.4972 842.4727 879.7822 953.0182 1011.943 1051.773 1085.699 1111.129 1154.575 1210.678 1271.744 1315.394 -9999 -9999 -9999 -9999 -9999 -9999
575.6783 576.6982 576.6511 574.9264 562.9407 552.6426 547.0849 559.4924 564.0207 560.8403 560.6744 565.1508 571.8912 573.4672 608.1143 590.412 601.5406 645.7762 689.6151 735.5231 769.0576 761.3809 759.6439 771.3021 757.4761 723.0826 691.3214 653.49 618.3378 609.877 593.623 547.6573 501.1082 498.0442 535.4099 573.6511 604.4467 630.4603 633.5991 642.7028 667.4186 699.5273 674.0638 706.9238 765.4948 820.3799 876.8508 885.5596 863.5059 850.119 821.2609 788.7443 794.6671 776.5065 791.2031 817.0956 882.2814 950.5779 1011.471 1064.548 1122.115 1168.779 1209.189 1253.66 1306.881 1359.705 -9999 -9999 -9999 -9999 -9999 -9999
598.6572 594.9521 591.5276 581.4894 578.1683 573.3436 563.8196 612.8071 614.5281 606.4037 603.384 603.2692 619.896 595.125 631.0811 636.7709 611.0135 654.7573 705.3039 751.3358 798.7172 810.3126 795.8757 812.0018 788.2886 749.4545 717.6939 678.2285 657.8417 663.4906 636.3647 607.3628 574.3226 518.8119 506.0787 541.2287 570.5949 593.0331 609.7091 618.7177 645.2042 654.1312 660.6823 707.5215 750.9357 808.5161 845.0056 833.7657 821.2682 796.4874 773.7665 739.0268 743.3826 767.6732 823.4631 854.6478 861.3263 918.0727 984.5107 1053.273 1122.096 1179.322 1233.275 1287.481 1341.76 1396.257 -9999 -9999 -9999 -9999 -9999 -9999
647.3872 633.8373 619.1329 614.7082 597.1233 567.5656 571.3439 638.8301 658.0026 651.5681 660.7329 664.7646 654.8651 620.559 651.6261 672.851 640.9072 656.8351 708.0158 757.663 810.5397 839.3692 835.3665 847.5723 821.2733 775.7169 737.9681 703.2587 698.0314 706.8201 678.0246 635.8366 587.9431 554.9908 510.9971 533.8909 545.5224 556.2833 581.3967 599.4834 625.4196 618.6349 654.7673 719.8296 769.6436 786.4977 780.2699 776.7277 762.8581 744.5486 728.1 725.428 783.5912 822.3815 869.1214 910.5596 886.5305 932.2532 999.0229 1053.949 1109.911 1164.013 1223.358 1282.719 1342.462 1402.445 -9999 -9999 -9999 -9999 -9999 -9999
696.0567 677.1473 666.3614 661.2668 609.1078 561.945 584.259 637.7267 691.6267 696.0694 698.6418 707.076 671.9509 644.7292 683.7075 702.4705 672.5345 672.3021 701.6169 747.2863 803.4058 848.8561 872.5186 872.1132 840.5657 803.0696 772.2612 746.6077 734.7456 719.6 675.3143 622.3701 563.9006 533.8936 533.4213 517.8155 513.0739 537.2096 557.3254 586.2707 594.1473 605.2738 668.7092 734.532 745.3372 726.7641 720.8756 722.4416 704.9801 693.0605 692.1415 728.518 789.415 844.3754 902.1864 943.0677 938.7322 937.9305 974.6578 1026.118 1084.256 1151.974 1215.938 1279.533 1337.605 1390.585 1429.912 -9999 -9999 -9999 -9999 -9999
749.5772 729.7286 719.3784 695.0757 627.5773 573.255 580.6661 640.2374 696.7399 736.1394 731.0984 732.4753 683.5352 685.0471 731.6133 744.0118 702.9526 705.1013 718.5547 744.0612 784.3651 836.7888 876.6151 849.6399 816.0663 784.3069 752.3306 731.0139 716.647 690.2007 650.4686 601.9278 551.3721 576.3582 602.9949 578.0497 535.5642 521.2953 537.1948 556.6794 567.108 621.5242 684.6652 720.867 700.4982 686.9435 688.0969 682.5557 661.3314 681.1376 710.9773 731.5023 768.6912 815.2807 870.6646 924.7878 985.7419 1004.25 1020.135 1056.796 1120.676 1177.842 1231.815 1284.313 1332.517 1365.892 1379.794 1396.022 -9999 -9999 -9999 -9999
792.1295 776.4177 746.122 696.9109 633.1757 584.9102 582.1271 652.1851 722.3667 779.155 786.5363 755.7181 714.9829 716.9967 769.2751 781.1317 742.5124 748.5262 757.2723 770.7792 807.987 849.5444 872.2636 826.0881 782.7295 747.7568 712.3416 690.668 679.6602 653.1115 617.9911 579.5978 554.8564 599.0719 642.4185 622.3027 577.5562 551.5224 523.6639 535.0038 585.7206 644.9151 686.2231 674.2543 649.6092 637.9371 648.5637 659.8303 669.6338 724.4685 762.6296 786.9192 814.1 840.3461 862.0689 908.7467 963.5095 1012.841 1065.032 1107.841 1151.394 1195.921 1236.298 1284.701 1308.283 1311.893 1318.946 1336.418 -9999 -9999 -9999 -9999
819.5731 767.4777 718.1198 671.5362 622.9592 587.9183 590.2231 664.4978 739.7185 803.9162 826.0436 791.2265 750.0767 742.1274 787.3837 814.2201 780.1242 789.6649 803.5013 814.2495 839.0466 872.7509 858.0939 812.2294 765.433 736.1177 697.5538 658.6168 633.8175 615.6899 583.098 563.714 581.5703 604.193 660.5734 660.2656 621.9705 608.9888 563.8476 524.563 557.961 615.5303 641.4903 612.8169 599.2219 621.0477 643.5343 654.1179 704.3013 764.9651 811.8389 838.6469 866.4781 882.9324 902.308 908.0527 936.1129 981.0779 1039.609 1104.45 1168.885 1215.923 1246.94 1263.693 1264.209 1273.837 1284.931 1298.652 1310.271 -9999 -9999 -9999
822.4238 765.2624 715.9337 663.4891 618.7517 587.7515 606.3929 683.4048 746.2748 799.8146 844.3435 840.8215 805.1622 774.7454 789.3664 831.1196 825.1905 833.1705 855.645 872.2441 894.1832 894.7838 851.4135 800.9086 760.0132 721.7764 683.3695 658.7352 619.4182 578.304 576.2834 593.2737 617.8256 623.5522 674.242 693.5167 672.3769 651.4097 595.4685 540.077 534.2073 584.1422 591.3501 574.4984 617.4406 662.8698 701.0779 710.6147 729.4363 773.8303 838.1907 884.1452 905.0019 921.2154 933.8513 948.1093 977.4642 1018.267 1062.422 1123.083 1185.6 1228.495 1226.099 1223.293 1237.268 1244.253 1256.681 1273.646 1284.933 -9999 -9999 -9999
821.5874 781.9269 724.291 665.7947 617.9256 586.6472 613.4191 672.4837 726.8781 789.0021 852.333 890.1165 866.6035 830.8644 808.4328 852.244 884.2314 882.5955 907.3265 915.1924 913.0858 882.4853 846.5227 804.5982 771.8753 724.4662 667.6469 627.0409 594.5179 598.183 619.9592 647.8232 651.9822 658.6219 695.5587 731.4061 713.4848 664.2326 610.7474 553.4584 528.7227 560.7982 557.5245 590.0524 641.112 690.269 730.2816 758.1964 775.16 791.1188 844.3918 908.6263 941.0618 963.0807 972.7856 1006.802 1038.984 1070.998 1113.579 1161.768 1201.144 1205.405 1191.419 1189.09 1193.583 1199.926 1224.676 1243.445 1262.961 1297.631 -9999 -9999
785.4881 771.3641 725.0933 666.4946 619.2205 589.4553 624.816 689.3484 750.7162 804.4692 859.4562 903.7856 921.8677 895.8638 847.7537 868.8641 916.5175 927.4561 937.6356 919.4385 881.9406 858.0649 832.2166 791.6506 748.6955 701.5157 641.0693 607.1671 611.6248 638.9962 665.5256 689.548 696.6198 708.155 727.9979 767.2708 740.2057 683.0145 623.3748 565.6382 529.6123 537.4781 558.3353 607.3842 654.9173 674.7354 697.7921 733.2651 779.4064 822.6505 856.2611 907.2391 970.9224 1011.153 1037.152 1065.483 1094.091 1125.326 1156.617 1169.086 1174.241 1167.259 1150.376 1150.242 1143.651 1154.922 1192.689 1210.906 1234.629 1272.444 -9999 -9999
742.3498 721.9467 687.6749 651.4415 626.4717 603.6628 613.5805 684.8197 748.1604 790.4744 821.9521 856.1519 902.7238 933.7074 895.9218 895.4371 928.6915 956.1475 933.3559 906.7217 871.2593 830.0729 802.7841 796.5231 753.8176 683.4716 628.7482 629.7087 640.4603 681.6957 716.0939 725.7709 735.8353 755.4832 777.7619 794.8695 757.1757 699.701 639.4648 588.0161 554.8508 534.4987 550.4257 592.1107 610.9567 641.4401 681.0341 721.0902 767.6344 823.8319 883.7772 939.1608 992.1604 1040.6 1060.257 1084.256 1118.693 1138.179 1133.583 1123.315 1131.249 1116.458 1096.541 1103.912 1094.72 1114.998 1146.838 1165.692 1199.087 1240.875 1279.523 -9999
729.2949 708.8339 686.0223 667.1022 646.9943 611.7853 622.0098 675.4849 716.743 760.3731 809.8497 852.3264 906.049 961.2302 953.4595 939.2374 953.985 957.9966 907.9294 867.026 844.9565 810.8788 784.8861 763.2802 749.6118 692.3822 636.9205 651.6057 659.5568 688.8933 733.8395 769.4616 788.2043 802.0058 820.9293 803.5194 750.1459 693.2485 650.6438 628.4928 588.1992 557.2574 535.9485 551.9802 591.5722 641.9936 681.974 721.335 775.8283 845.2027 904.1871 958.175 1004.07 1024.908 1039.04 1053.462 1084.02 1091.365 1076.062 1068.076 1085.743 1061.356 1049.067 1067.702 1049.831 1061.434 1083.513 1118.866 1161.256 1199.394 1249.914 -9999
722.164 695.5027 674.5292 658.1971 638.3527 605.6382 626.3359 659.6111 712.1381 774.0287 832.9186 882.28 943.472 1004.845 1004.643 989.7574 992.322 958.9071 909.2634 873.0328 835.7328 794.6918 755.7794 730.7935 709.5271 685.1848 654.9771 671.2257 685.8833 704.1427 735.5494 775.9026 816.2474 846.8042 850.3395 807.1344 759.267 716.014 672.2974 630.4976 608.3914 588.9409 557.4601 542.3724 562.3655 612.8239 654.1087 695.9591 755.0962 830.3158 904.5938 956.565 974.5498 980.6089 987.6179 1008.211 1041.077 1034.862 1019.106 1019.597 1043.935 1011.944 1005.352 1024.836 1009.476 1012.443 1043.247 1081.896 1110.289 1161.166 1229.145 1285.959
681.3052 665.8558 656.2301 636.0146 618.4942 635.5949 682.4825 687.7086 711.5726 761.8294 823.7021 893.3007 970.3034 1040.418 1063.648 1046.139 1018.408 980.218 959.0389 916.5582 862.8199 817.558 775.0304 744.8105 711.0793 679.9501 695.0464 713.1204 730.6539 742.4915 761.9992 798.1138 828.9443 864.9638 848.1749 811.6277 781.6577 736.4105 675.6736 656.8229 650.4504 616.2573 581.2241 560.6889 549.0107 596.2099 631.9786 687.4674 752.4891 815.1745 869.6918 920.7495 935.8792 934.9423 936.3597 966.6637 997.0242 978.4413 953.6062 974.83 993.8078 962.2429 970.2073 982.5584 972.864 987.5748 1020.392 1035.887 1092.629 1155.208 1209.891 1249.921
644.7283 649.5343 645.8604 640.3837 650.8086 674.4011 725.5236 759.9313 745.8681 770.7804 813.546 875.03 946.256 1011.526 1071.995 1094.922 1064.485 1046.44 1012.746 952.2269 907.2839 869.1886 823.2369 781.9752 724.7793 712.9594 739.7938 753.0351 768.6399 784.2398 790.2136 818.2044 853.6945 887.3406 855.5316 803.6494 766.6136 729.5668 703.2883 704.6536 673.9177 639.7234 614.6907 585.6322 550.3505 575.8258 617.338 675.6762 726.7026 757.3615 817.909 880.7717 892.3523 893.8916 910.3824 943.407 959.9454 938.9286 897.762 918.8354 933.9199 910.1031 930.7979 938.8234 932.5927 966.3351 980.4593 1025.635 1077.516 1126.954 1167.491 1207.6
659.5286 707.6349 721.3485 691.4615 684.3361 701.0362 738.7399 795.1367 812.2837 828.3659 848.8379 877.7028 924.671 983.8237 1045.827 1111.198 1118.911 1096.691 1046.612 999.5625 959.5101 916.6845 842.6613 779.4854 738.7985 755.0915 773.0192 792.3956 811.3476 812.2188 822.6266 850.0827 891.59 913.1443 866.6035 818.0585 775.538 749.6733 750.3798 730.9105 700.2697 669.2899 649.3657 618.614 564.0608 561.9596 607.8932 643.0923 684.7886 728.4629 802.2148 840.037 842.6037 847.6705 881.5251 906.5719 920.9866 910.5213 855.5809 867.2241 866.1718 862.3743 883.3812 893.8298 909.6093 933.4829 956.9274 1021.363 1055.034 1082.344 1119.954 1161.038
654.2375 677.7076 700.7438 703.4418 707.1949 727.7262 751.4584 794.1534 843.681 892.7983 927.1456 944.376 958.8607 1012.915 1069.818 1128.897 1165.67 1122.235 1057.636 992.2583 932.3592 883.7701 829.7391 758.8276 756.1222 812.268 841.657 845.9738 860.7894 856.0179 865.6488 887.0107 917.128 909.6147 865.0753 843.2878 811.4408 795.1343 780.2737 750.6917 729.3235 710.0412 695.2935 650.8798 589.8004 555.1204 595.7244 631.4368 677.2157 738.7687 789.7589 793.6978 797.6529 803.4534 836.3912 860.421 875.8627 870.0379 819.8578 815.2211 800.3314 814.3126 838.7067 854.7075 878.7786 903.9959 940.7784 994.1599 1029.559 1052.062 1079.142 1115.569
669.2607 675.3885 699.7927 719.7321 729.1743 748.7209 764.2913 796.8226 840.4628 895.3962 956.8119 1008.641 1028.708 1058.634 1103.635 1163.601 1176.106 1121.868 1058.672 997.0747 938.2581 878.561 822.0695 768.5807 791.9506 835.1583 895.7875 930.3903 939.7529 942.9455 928.1959 933.9943 949.6346 915.6178 897.009 884.6974 860.7645 828.4374 805.8922 775.3006 755.3412 739.4375 719.205 671.39 617.6075 572.5423 581.1677 616.0953 674.2096 730.7491 750.2435 749.942 754.6139 769.2831 794.025 821.3612 841.9675 822.5447 791.0298 767.3474 800.6151 831.9207 852.6213 873.7715 907.8483 948.9938 956.0688 983.8848 1011.698 1034.699 1074.418 1119.597
695.5015 701.4525 704.2212 729.9247 741.8403 761.9155 784.394 816.9516 849.4739 892.5311 931.8682 984.8 1032.586 1086.825 1137.571 1180.801 1144.092 1085.459 1032.59 969.8492 917.0287 884.8683 848.1104 794.9211 791.4579 858.1463 909.1068 966.1116 1010.841 1045.769 1051.693 1007.417 998.8256 953.3631 933.1961 906.1305 883.5513 853.5306 812.1051 773.8998 745.6497 725.0189 702.5792 669.9116 631.1595 589.6577 568.8177 609.0014 674.6022 702.7454 700.3756 702.5693 721.2581 735.9095 754.3445 784.6689 803.5172 779.6985 747.7564 767.7645 809.4098 850.6494 877.835 900.3449 935.7026 975.1471 1010.557 1020.721 1032.435 1068.464 1100.669 1155.169
738.8752 747.0725 710.4918 738.4211 762.8904 775.1193 792.5768 821.9926 857.0922 896.3273 915.3519 941.9763 988.8113 1046.214 1109.822 1165.34 1125.945 1058.771 996.2244 942.1716 898.38 860.993 831.614 812.4017 800.6662 854.4306 924.0618 985.8316 1058.611 1092.602 1126.538 1104.838 1059.358 1010.817 967.4493 921.0138 881.144 852.2298 811.2823 782.7806 752.9189 731.4921 708.8607 676.863 628.0956 577.9918 569.5655 609.5943 643.9246 649.2308 652.0891 657.7113 683.6176 699.1384 716.854 749.1248 763.2467 740.8685 733.3474 776.1893 820.4435 873.859 908.3507 939.9069 971.0028 1008.898 1050.636 1076.575 1066.913 1092.106 1141.312 1192.272
781.1579 787.7839 736.5183 728.478 759.8159 785.2273 796.5732 818.846 859.1733 897.9176 927.4559 955.9878 978.5844 1014.839 1092.248 1161.229 1138.979 1071.879 1008.507 973.4102 949.272 912.2679 886.2129 861.8405 822.4473 871.7616 934.0652 995.8096 1060.991 1143.383 1169.838 1182.795 1125.816 1055.415 1001.136 949.387 904.0072 864.1426 832.2576 803.4942 770.3037 739.3358 703.4791 666.659 621.0045 572.8567 574.9837 594.7775 603.1703 615.1606 627.9289 640.0873 652.7665 663.7257 681.7376 709.6902 723.6271 709.3249 748.9911 793.1626 834.0979 880.3726 928.3938 964.6259 1005.167 1038.527 1069.955 1102.696 1109.652 1128.045 1168.201 1223.375
782.118 811.1404 772.1314 744.2683 756.5913 778.3397 805.5057 830.7648 850.127 879.9542 927.5683 969.7791 998.7119 1046.811 1111.692 1175.437 1167.766 1097.162 1051.372 1040.424 1007.714 971.5037 928.6097 865.1894 849.7324 885.2482 940.8397 1000.517 1061.061 1138.849 1200.641 1227.033 1211.167 1107.201 1039.453 985.6957 937.5873 883.6183 857.4877 828.1986 774.6894 734.215 694.7809 657.1215 619.186 576.7855 584.3825 600.9802 619.0925 633.2451 647.9803 661.0856 671.2753 683.3862 679.9714 678.6414 686.3121 712.2947 763.7272 800.6693 834.3293 861.809 902.95 947.0547 987.3604 1015.055 1051.537 1102.09 1144.046 1174.664 1207.73 1234.739
791.2861 819.3068 793.5002 769.3914 777.5139 783.1968 809.2412 856.686 890.1944 900.7244 935.3978 978.8209 1032.861 1093.046 1158.921 1208.731 1200.442 1147.588 1124.453 1097.495 1055.01 997.9817 928.1788 865.1433 886.8136 924.3798 962.6141 1028.686 1087.55 1150.049 1228.636 1288.964 1330.534 1212.987 1089.539 1026.135 967.6984 914.8223 874.0499 845.9619 802.963 752.2908 705.9883 655.4832 603.8389 581.4678 600.4627 619.8195 632.8109 650.5679 670.0511 682.8655 690.9635 701.9631 707.2829 692.5833 687.3575 719.9325 752.7092 784.3796 816.09 850.1058 887.0087 916.4761 958.5586 996.589 1038.655 1083.603 1123.743 1156.351 1195.235 1227.095
828.5363 852.5546 832.4802 800.2447 812.5409 812.5969 832.3041 892.5462 940.7854 955.8784 966.146 1006.736 1056.02 1120.488 1196.666 1256.105 1254.835 1209.884 1156.246 1097.038 1041.596 991.9601 927.4023 879.6097 916.7683 968.4771 1007.545 1042.64 1109.596 1177.726 1233.617 1290.109 1317.423 1284.947 1206.046 1074.602 1009.607 966.0042 916.1553 871.3764 828.8214 784.0106 725.0042 656.5677 598.5909 596.2321 633.003 646.8174 658.8829 674.0893 690.1679 709.4496 728.843 734.288 725.3754 710.4503 705.6422 737.1945 766.3992 786.7764 806.8889 831.8337 861.1135 897.3978 942.3082 984.5295 1022.137 1055.487 1078.775 1107.321 1139.704 1174.716
873.6652 902.7745 860.8061 828.347 845.3268 862.6537 885.3905 918.1131 968.1445 992.6837 994.2556 1031.557 1079.926 1140.917 1209.777 1272.85 1286.413 1225.942 1160.674 1097.698 1038.284 983.9269 925.157 904.1257 934.6678 992.7239 1054.571 1096.795 1136.123 1196.373 1262.06 1283.836 1257.523 1255.145 1199.768 1129.554 1080.405 1010.37 938.9207 872.2462 811.0513 767.3968 716.0045 624.3994 586.393 616.1155 650.6219 678.8183 697.5523 717.4011 731.6939 743.9654 751.8492 760.8411 758.1474 746.1725 729.2427 742.8978 787.8928 822.999 851.0184 871.6513 893.1158 918.6427 941.8979 972.3326 1001.099 1023.722 1047.779 1076.899 1099.717 1136.56
923.3254 898.1035 848.8627 866.3074 884.7166 911.9448 939.7108 949.7233 948.7534 965.4595 988.9537 1024.197 1071.716 1123.98 1181.303 1247.957 1274.008 1216.813 1152.824 1098.33 1035.062 975.2565 931.0138 952.3394 969.4147 1008.95 1073.377 1142.725 1193.635 1236.23 1262.505 1247.485 1214.146 1196.047 1217.934 1196.684 1109.072 1052.377 971.4819 887.5317 819.1973 751.835 688.8341 622.7071 606.7602 638.0749 675.1432 699.1481 715.3439 736.7758 750.7858 761.8141 774.4962 781.1199 773.5125 764.5402 757.3672 760.5748 789.5985 829.1832 854.6996 877.8227 896.849 913.7125 933.9854 954.8415 974.1969 993.5761 1016.194 1040.638 1079.225 1119.63
950.3965 905.7701 856.9491 887.1577 916.5533 925.6603 947.9777 958.4661 958.877 971.7391 992.149 1020.438 1052.527 1093.575 1160.212 1221.77 1265.089 1245.322 1190.735 1128.807 1066.65 1009.472 959.7034 988.8963 1024.276 1048.264 1100.564 1164.587 1222.96 1242.483 1228.648 1190.205 1166.882 1150.582 1175.19 1180.582 1166.024 1057.356 946.7253 872.3802 804.3784 740.9754 686.2055 622.274 627.9681 683.1918 718.6011 742.6422 748.6765 761.8184 764.8829 779.8893 797.2919 800.0467 796.2497 797.6613 784.3214 788.0894 801.2057 811.696 840.1171 860.9078 878.6277 890.5933 910.6028 936.4665 955.6692 985.763 1001.494 1033.323 1097.107 1154.62
