data/dem.asc
ncols         636
nrows         216
xllcorner     319840
yllcorner     4763940
cellsize      100
NODATA_value  -9999
[rows 64 to 95 of 216, columns 432 to 503 of 636]
460.8766 437.2913 412.6833 391.6155 383.7976 378.4508 373.5946 376.2617 394.9919 414.7974 444.6414 460.3834 460.1249 504.8082 483.1137 503.8615 536.1088 506.0399 461.1601 467.0872 519.4402 510.2807 527.4246 512.2611 503.9214 535.2141 507.816 453.4341 426.6693 431.7825 453.5914 420.797 424.8733 413.2321 393.6651 385.0472 379.7008 360.0343 363.4256 354.7663 340.9181 325.3072 320.4427 314.0497 309.6628 306.7295 302.0158 292.7928 290.0416 299.9585 308.9771 314.8951 325.1559 340.3624 362.0826 380.2169 379.3922 392.4087 437.1808 -9999 -9999 -9999 -9999 -9999 -9999 -9999 -9999 -9999 -9999 -9999 -9999 -9999
479.9875 455.703 430.618 406.13 394.979 388.2393 386.4069 407.3665 432.9095 446.3884 463.7787 494.1588 481.5204 529.829 522.6893 534.1676 558.3271 510.3734 472.7038 501.3195 547.7672 547.2505 563.1407 537.4213 526.6303 514.9532 468.9451 447.0509 468.9878 473.4701 472.0575 435.368 458.3196 439.8372 425.8479 408.6192 383.1677 381.2263 384.957 372.2733 355.1469 346.7022 345.1203 340.7336 334.4969 320.0333 301.9307 293.6292 298.687 307.68 319.7087 330.7906 342.2042 357.6696 384.9911 396.1069 412.0272 407.0936 417.1108 -9999 -9999 -9999 -9999 -9999 -9999 -9999 -9999 -9999 -9999 -9999 -9999 -9999
501.2784 489.6143 464.3891 433.9689 415.5325 399.4484 409.9894 441.1523 455.6369 475.3658 497.2578 518.2731 523.3858 538.8338 571.1609 573.9756 575.5544 511.0731 504.4007 539.1503 583.9495 603.3814 589.0997 549.5846 525.2628 488.6433 471.5835 487.0876 520.0466 521.9842 484.1208 467.398 494.1208 479.6298 448.0569 409.0674 397.9167 411.4715 421.9866 398.0534 368.3566 374.9175 364.511 356.3175 346.5715 315.4587 301.2046 295.6811 303.0702 324.3221 332.5316 344.1718 371.3216 390.022 402.8424 421.054 436.83 450.0171 433.7302 458.4262 -9999 -9999 -9999 -9999 -9999 -9999 -9999 -9999 -9999 -9999 -9999 -9999
546.8455 546.9286 506.2879 469.7993 453.1128 417.312 443.9056 479.4913 508.7576 523.3475 543.3247 554.2859 581.0317 583.8686 614.7814 622.3487 582.693 524.3197 537.5789 594.2952 629.9207 639.0366 586.6849 534.3658 508.0485 509.0705 504.6211 530.9855 573.8179 559.6807 506.8376 511.3618 535.2518 492.0907 433.1095 417.9256 426.5291 447.6647 431.2387 393.6554 406.1458 405.8793 395.8311 385.4383 353.8926 310.2788 302.1707 297.7946 314.4559 341.5373 355.44 356.0401 360.2872 391.5271 418.852 441.0485 462.5807 486.3793 473.8797 470.763 -9999 -9999 -9999 -9999 -9999 -9999 -9999 -9999 -9999 -9999 -9999 -9999
581.2672 588.5497 547.0321 519.9651 497.437 440.2197 455.1924 500.9045 536.2075 553.8578 569.0962 593.0461 625.4422 649.9913 659.4577 639.0496 584.2894 544.0461 553.0322 608.3569 672.9365 655.3263 589.7052 541.3289 538.4237 546.5164 542.8399 553.8529 609.0009 586.2689 545.1454 547.3171 517.8678 471.8958 446.3901 449.1182 465.5489 480.2059 429.4676 428.9929 450.7714 435.0023 433.5478 401.2005 345.426 309.3987 302.318 309.9157 331.4835 348.6566 371.582 395.7388 389.9908 374.9185 408.372 446.5844 486.1797 517.2717 510.416 496.6815 -9999 -9999 -9999 -9999 -9999 -9999 -9999 -9999 -9999 -9999 -9999 -9999
596.8279 606.0934 576.9176 563.1573 546.1159 480.6297 484.9207 547.8035 590.9996 609.5213 623.6502 636.8715 672.7964 711.5633 705.8521 658.6862 608.7695 570.7273 592.7234 645.4442 693.1469 654.282 591.1235 570.7719 565.6036 586.9369 591.186 591.6703 636.1743 618.1043 578.4274 531.0787 489.1565 479.7643 494.1125 489.8879 516.9166 498.1047 456.8782 480.8923 496.0832 482.5881 467.7966 411.1853 351.1191 308.7126 301.5169 328.5934 343.9113 358.1695 387.5047 413.5308 423.3594 405.8354 389.8698 419.2378 476.379 518.7587 543.7139 535.7844 -9999 -9999 -9999 -9999 -9999 -9999 -9999 -9999 -9999 -9999 -9999 -9999
619.6268 644.5979 620.5535 598.1554 573.7426 532.877 514.582 556.699 616.6021 652.3544 689.0526 711.9663 733.4272 766.4634 730.7257 676.6963 640.8256 608.6794 637.6087 686.6957 723.2349 669.1202 607.8729 604.4921 598.8101 625.4797 648.2009 651.0558 671.212 637.1654 579.6053 525.6879 512.5707 539.8442 545.2883 540.5659 560.2956 509.878 502.9894 535.6051 548.3225 532.4955 493.0725 424.6886 354.2973 309.5709 309.5924 340.9153 361.7438 372.165 393.5842 424.6516 447.411 448.1377 418.2594 408.6618 448.6779 504.3035 552.8361 575.6446 -9999 -9999 -9999 -9999 -9999 -9999 -9999 -9999 -9999 -9999 -9999 -9999
648.1902 673.1293 655.1671 634.1692 593.2887 553.5081 542.3822 589.3745 630.3116 656.4472 687.3264 749.4116 792.941 796.0751 751.113 715.0638 681.262 647.2849 685.0994 738.7225 756.9991 692.9312 634.8982 650.4393 646.4927 671.3256 708.7554 716.4338 700.8868 640.8359 578.3149 543.2151 551.7922 600.3135 602.1024 596.1497 592.1433 554.617 561.3215 569.0901 547.1853 517.238 470.3366 410.0162 359.0299 311.6721 319.2027 355.0786 388.4078 403.0593 409.1291 434.806 466.3573 489.6092 465.7937 433.8431 435.1285 480.2107 515.215 563.225 608.7379 -9999 -9999 -9999 -9999 -9999 -9999 -9999 -9999 -9999 -9999 -9999
685.0227 698.5054 661.0665 619.0563 576.3765 550.4061 563.9506 605.942 632.8413 659.7636 692.3706 747.5092 813.9244 828.2862 788.2081 761.6142 731.9949 691.5362 718.2161 776.7098 796.7824 737.3269 677.525 700.8991 703.2567 723.0849 769.8324 768.2648 708.1389 637.9872 587.2847 594.4218 591.0724 636.2885 659.8721 656.6247 639.2341 611.184 568.3259 528.5291 499.8747 471.9272 457.0101 403.8682 335.0636 306.8114 324.8323 365.0573 404.1042 433.3606 443.951 460.999 484.7956 524.8458 508.566 457.8756 448.6117 459.4091 508.1994 554.1459 612.9971 -9999 -9999 -9999 -9999 -9999 -9999 -9999 -9999 -9999 -9999 -9999
702.8475 685.8671 636.2697 589.1938 561.284 570.8679 573.658 608.9235 633.7741 662.7592 712.6934 764.2779 820.4957 859.6224 839.3699 818.6364 791.1655 746.1382 760.4396 815.7349 822.4462 763.6818 732.8264 756.3795 784.3275 780.2352 821.4991 787.4757 717.7979 654.0991 636.8833 649.1375 646.2409 674.7205 714.011 692.5396 657.5344 608.4194 555.3113 514.9656 472.9138 445.6713 420.5234 387.6508 327.6124 311.2628 334.637 361.1103 388.1338 422.5551 468.2165 493.3875 518.6799 550.6068 525.6869 484.0596 499.809 472.0773 524.0191 584.4816 636.3241 -9999 -9999 -9999 -9999 -9999 -9999 -9999 -9999 -9999 -9999 -9999
707.6826 666.7507 625.1872 583.4597 582.3732 603.2709 584.8285 609.7485 641.4816 667.3988 711.4296 753.6348 804.1353 862.5422 893.2623 880.0245 842.5809 818.8384 828.429 858.1563 845.4587 805.3541 799.7709 806.3185 850.5605 846.7362 856.7832 803.298 745.9534 698.5839 702.7681 711.4177 715.3914 727.7991 736.6556 671.0559 608.973 568.8319 536.7142 502.4009 459.0889 418.7365 387.8849 362.4917 324.3648 312.4656 342.6486 389.1828 425.6501 427.6874 452.9191 511.6168 555.1091 571.6293 532.6677 521.5959 533.426 491.028 526.592 585.1144 643.4302 -9999 -9999 -9999 -9999 -9999 -9999 -9999 -9999 -9999 -9999 -9999
712.988 655.4729 620.9611 594.4507 598.1581 622.2846 602.3375 604.5142 628.8165 664.8647 703.951 731.4763 785.4802 848.7673 913.9497 945.4021 910.3185 896.5018 898.7975 923.7513 878.3426 865.8283 866.7025 863.3133 908.3 925.4116 903.2813 848.9084 799.7557 772.0886 770.1567 782.0597 790.5778 782.6718 732.9144 669.9619 611.4958 561.9274 520.9115 491.5806 469.8187 446.8561 417.4966 388.3062 338.8993 312.5529 354.5132 404.5468 464.8847 490.6147 476.1551 496.5891 557.812 599.1707 564.5217 571.6938 558.4765 520.9832 537.3886 602.4702 658.5435 -9999 -9999 -9999 -9999 -9999 -9999 -9999 -9999 -9999 -9999 -9999
713.1315 670.1992 629.843 609.9016 608.3043 641.0391 633.0152 621.3841 635.5452 668.8784 700.5938 734.7905 782.1279 840.7809 907.8368 973.8436 995.9326 998.8995 990.0882 976.8431 936.1179 931.574 934.5751 929.4065 973.1134 1001.15 958.7936 906.4833 866.5608 850.0875 842.2183 853.4308 838.0726 812.6391 760.9229 705.6641 658.2696 611.8071 576.0624 555.8605 532.1194 494.769 468.1522 407.2387 341.2047 314.8557 345.9821 401.0706 464.2105 526.3504 544.5303 536.8163 561.9818 620.1096 616.2125 630.4294 597.4157 549.5475 551.2014 604.9269 659.8732 -9999 -9999 -9999 -9999 -9999 -9999 -9999 -9999 -9999 -9999 -9999
732.4069 687.7012 641.1335 619.9973 627.5554 662.2262 661.9176 640.5336 661.8324 680.6824 727.4637 771.1122 810.1838 858.4727 920.024 985.7727 1057.628 1096.259 1079.731 1048.568 1023.5 1010.603 1017.314 1015 1042.508 1058.384 1031.424 988.0165 955.5494 930.9648 913.5549 889.9991 842.7033 817.8813 789.5103 742.5776 702.3691 669.9395 637.8764 603.0115 543.5443 480.0778 433.0077 399.9276 357.7003 317.8167 332.2456 382.0253 445.2749 505.8734 568.6421 602.3558 610.6926 647.9349 674.3305 681.256 645.2439 592.3254 572.908 629.5362 683.0143 -9999 -9999 -9999 -9999 -9999 -9999 -9999 -9999 -9999 -9999 -9999
737.9339 696.5547 651.7131 631.1158 652.0127 688.5404 699.2413 662.483 670.514 702.7714 734.7861 782.7352 825.6736 873.3152 931.5421 1000.933 1075.103 1135.385 1137.392 1116.691 1098.128 1087.218 1083.715 1079.679 1079.03 1070.239 1049.319 1036.269 1019.211 989.5487 953.1335 902.7345 834.5701 793.1614 775.9771 744.3856 705.4792 672.0824 632.7965 598.5844 559.4738 502.8754 458.9006 405.6866 352.4717 318.8554 339.5632 388.2048 448.8845 501.5276 561.0476 618.1928 641.7111 655.9255 675.1096 691.9096 679.9255 637.3561 607.7315 643.9547 703.7191 -9999 -9999 -9999 -9999 -9999 -9999 -9999 -9999 -9999 -9999 -9999
761.6017 706.3802 667.0452 655.7858 689.1573 721.7912 732.222 711.8793 678.1828 714.6475 749.1506 779.7313 817.7589 863.9718 920.9055 992.4781 1071.855 1117.209 1120.127 1117.053 1103.558 1074.372 1052.837 1040.233 1038.335 1026.317 1004.478 999.4594 993.4368 961.1989 917.3127 887.9826 816.8455 768.8954 743.4205 720.178 683.7776 644.4495 612.0643 564.9921 526.711 502.025 459.5771 393.1873 333.3879 323.1144 363.598 410.1798 471.7932 531.0289 564.7477 588.8424 597.9786 601.0251 622.4653 654.9835 680.2474 686.2143 658.9299 662.0678 718.3427 -9999 -9999 -9999 -9999 -9999 -9999 -9999 -9999 -9999 -9999 -9999
774.7487 731.9199 693.5925 700.3529 729.2863 756.7022 762.4539 757.1326 708.4355 722.9297 771.1695 803.4484 835.4681 889.8708 944.4243 1006.043 1059.557 1071.176 1070.658 1066.721 1056.063 1016.047 989.1506 975.5015 975.9286 969.5153 949.0337 942.2087 940.5506 923.6161 875.1815 821.4137 768.7427 733.6503 712.0371 675.9711 655.7685 614.7849 586.81 556.432 507.9148 461.2632 426.0289 354.7675 316.8784 329.8842 364.9224 411.3976 464.786 504.0358 511.3052 545.6198 558.8918 561.21 582.3653 622.6696 646.0158 673.4272 697.2368 707.2001 743.2543 -9999 -9999 -9999 -9999 -9999 -9999 -9999 -9999 -9999 -9999 -9999
814.7584 763.6701 752.6766 776.8914 789.0152 805.5379 803.7947 789.7428 747.0634 738.0527 775.9805 827.6525 878.6848 930.6562 995.8578 1019.956 1024.442 1028.263 1024.847 1020.148 1005.318 978.7462 930.5068 906.8119 909.8485 904.5159 891.5258 882.4696 882.3304 874.3362 845.1412 776.6477 716.06 684.7563 661.7203 613.5818 599.8058 594.4268 553.8984 536.0545 505.989 471.2897 413.1263 337.8804 328.3523 339.8567 374.5222 421.1852 447.5713 449.0453 464.1263 499.7392 521.5253 537.0173 554.4312 585.6548 604.0156 638.0655 675.8588 733.0512 764.5438 -9999 -9999 -9999 -9999 -9999 -9999 -9999 -9999 -9999 -9999 -9999
874.7314 833.6294 859.0043 875.0992 872.6514 881.7078 878.9724 836.5053 800.7208 780.3499 808.7269 849.092 906.1642 981.8542 1006.728 984.0212 973.0058 977.9022 974.0736 970.4114 959.1294 926.9854 895.3467 849.9209 841.8528 841.2701 821.0021 820.1208 820.0756 813.7248 787.3502 731.3448 672.6418 638.659 605.3712 563.3098 532.5563 543.6476 534.2079 510.044 473.4016 438.5435 377.4233 326.003 332.4205 352.5607 367.4589 389.871 401.1229 420.0698 434.45 455.6052 481.4085 498.6703 516.3633 541.6366 569.4683 609.8527 654.0524 709.3002 762.3105 -9999 -9999 -9999 -9999 -9999 -9999 -9999 -9999 -9999 -9999 -9999
906.4935 921.585 934.8362 933.7864 947.5504 959.9276 945.2134 889.4976 871.5829 834.9766 850.9183 903.4201 956.7641 997.0647 969.7768 942.4818 920.0142 918.4429 912.755 909.9192 900.8689 878.976 835.9989 805.8777 776.5605 767.4702 741.9917 752.1119 761.3861 748.9611 732.5498 676.6276 628.3462 600.9133 567.0684 524.5529 488.6276 480.2644 480.4595 489.6904 439.3611 393.982 331.3436 328.0007 348.6798 372.3184 387.2529 407.3271 427.6853 463.7254 471.702 487.5111 491.788 496.4202 519.4854 560.9817 599.8538 636.387 676.1324 721.0958 767.3134 -9999 -9999 -9999 -9999 -9999 -9999 -9999 -9999 -9999 -9999 -9999
931.7747 936.3217 974.9724 1003.631 1017.438 1003.801 977.7834 955.8395 934.7944 907.3931 909.3987 951.3383 989.1185 983.3396 955.3165 913.1463 879.991 870.8433 864.0233 856.0965 850.4074 816.7181 791.5784 747.764 717 701.8586 666.8701 680.0153 695.4783 693.0377 662.9781 634.7413 582.8604 558.1191 528.9067 492.459 465.8969 436.2824 441.0379 474.3035 428.9736 380.0173 332.9927 332.9304 359.5459 384.9767 417.7272 464.0775 494.7331 517.079 519.5711 535.3442 561.7045 535.9341 538.9865 544.8049 578.1547 628.4453 688.1981 749.8065 780.0848 -9999 -9999 -9999 -9999 -9999 -9999 -9999 -9999 -9999 -9999 -9999
978.6145 963.2552 985.5241 1047.599 1074.284 1053.754 1031.688 1014.582 990.445 973.0676 969.7343 966.6047 955.1295 941.0992 917.6005 887.0103 872.5462 863.6779 854.6962 845.6066 825.9722 801.4064 772.6256 734.3019 708.8751 682.1254 669.173 635.5928 628.7667 626.2498 603.6689 575.7647 561.2986 569.8406 565.188 511.3914 440.9057 404.5709 396.2966 419.7908 386.0336 368.2187 338.0464 331.2953 372.397 388.4261 421.0563 461.2364 498.0699 536.7881 561.9952 575.6978 611.6127 583.1852 600.1216 602.1934 607.4171 627.31 673.1296 736.2626 780.535 -9999 -9999 -9999 -9999 -9999 -9999 -9999 -9999 -9999 -9999 -9999
1008.307 1002.722 1010.281 1054.528 1069.647 1048.626 1021.288 999.8714 977.4938 960.832 947.6366 933.3568 915.1343 901.7653 896.4664 900.6335 905.4177 886.0293 863.8542 851.2473 814.1238 790.0274 776.5034 773.8879 768.0829 732.2911 733.0025 696.4302 658.0739 637.3547 625.9961 619.2722 622.7278 648.2678 628.2452 578.0908 501.8658 448.8211 397.4987 374.3792 368.0547 355.4263 334.7 330.8021 388.4776 426.9521 426.5851 438.3812 462.7347 493.3878 535.5591 589.8419 645.0589 640.2568 655.6318 674.7914 678.3607 682.2619 697.2299 736.4328 788.39 -9999 -9999 -9999 -9999 -9999 -9999 -9999 -9999 -9999 -9999 -9999
1041.96 1050.396 1061.458 1062.461 1058.159 1043.469 1021.182 1007.776 994.2554 985.8419 957.7665 919.4671 898.6888 893.4319 886.6754 878.8305 871.8961 848.5536 835.0109 826.1944 817.6998 810.2631 804.2235 817.9991 807.2082 779.8168 761.6865 726.0891 692.9222 680.9807 668.8903 659.7775 670.8412 681.2813 646.8496 592.6611 535.6538 484.7895 438.1931 403.5983 414.0341 371.8023 331.3687 341.184 385.87 447.9664 479.7126 497.0768 509.4214 531.4416 550.641 589.4428 652.9297 687.2647 694.1749 714.6981 729.22 746.525 760.0844 788.7006 819.899 849.18 -9999 -9999 -9999 -9999 -9999 -9999 -9999 -9999 -9999 -9999
1095.475 1092.392 1079.047 1052.743 1033.515 1009.227 991.8564 982.1141 973.5778 965.4603 937.9479 917.9094 932.3705 925.7233 903.9226 887.0061 869.8781 866.3356 858.822 846.4218 838.4676 835.9412 844.7382 856.2766 845.1982 822.9617 803.8422 762.559 740.7861 716.3689 704.7851 698.1512 691.8651 651.7638 614.3874 564.4339 523.5116 479.0305 464.9761 451.4565 438.5826 369.9348 334.7954 350.7899 402.651 451.1006 476.0366 524.0285 568.8105 591.34 616.7175 638.7377 660.4957 666.993 687.6788 680.9014 686.7301 721.7305 740.085 767.729 810.0272 838.6414 -9999 -9999 -9999 -9999 -9999 -9999 -9999 -9999 -9999 -9999
1108.485 1081.92 1051.801 1030.741 1017.742 1015.257 1016.79 1006.228 999.9157 966.9202 933.1495 954.2934 961.7936 947.8875 927.2454 908.8301 888.8942 877.3259 866.0043 862.867 864.3128 867.0051 869.0034 878.1108 866.3813 853.4211 833.0317 804.7678 787.2911 759.3641 751.4776 740.0142 721.0417 669.5388 632.0217 613.9573 567.8437 523.2983 533.6086 507.7665 443.796 381.5709 342.3043 360.6244 418.51 434.9961 455.2923 516.645 570.11 608.9087 618.9117 620.1857 622.2842 631.5477 643.2406 646.8263 667.6866 692.8133 725.0073 757.4055 792.8397 825.4707 -9999 -9999 -9999 -9999 -9999 -9999 -9999 -9999 -9999 -9999
1098.033 1065.771 1057.802 1057.493 1050.717 1047.399 1039.111 1026.548 1014.071 993.0045 970.8868 978.3133 968.7261 953.0644 926.6037 912.116 897.6198 885.5912 877.0541 883.3806 883.2193 887.5656 891.5157 884.8533 873.5744 863.0798 845.6881 821.8622 804.5663 787.3856 779.1695 764.5289 741.6174 696.0838 673.0967 640.615 597.9704 584.6405 588.0955 530.8059 471.2898 407.4135 358.4127 342.5426 393.4368 403.2999 440.6294 476.0773 517.3903 547.167 560.1183 567.4682 582.868 599.3071 618.4455 642.5924 660.5948 691.3416 744.3572 785.4804 823.0806 857.2651 -9999 -9999 -9999 -9999 -9999 -9999 -9999 -9999 -9999 -9999
1097.841 1092.417 1094.556 1086.332 1080.901 1069.857 1057.238 1043.662 1037.981 1024.5 1005.03 1003.484 990.34 972.8474 948.2352 924.462 904.1385 894.1101 897.1747 895.8327 897.6041 901.0042 895.1965 885.8179 876.7621 860.1275 848.5939 829.4153 804.6813 795.0138 787.4833 769.1872 750.1957 732.0281 708.9252 671.4747 646.9565 623.9537 586.632 534.9579 480.966 424.7236 396.1213 341.4666 361.0862 404.8823 477.7573 518.112 539.0046 547.8333 554.1538 565.226 584.0101 600.1256 625.439 663.1126 694.7599 702.0464 734.2811 785.6804 846.7964 889.6996 -9999 -9999 -9999 -9999 -9999 -9999 -9999 -9999 -9999 -9999
1134.933 1136.034 1124.272 1117.887 1113.935 1097.863 1082.757 1071.142 1069.623 1043.072 1040.067 1034.818 1014.447 996.2162 975.4751 948.1016 930.2656 921.7899 924.0475 914.3745 905.9601 900.5434 889.1844 875.4855 868.8264 848.7145 840.0067 827.5839 806.5372 796.3605 788.5421 771.009 761.3093 747.3629 730.7772 709.491 677.5541 636.7919 600.7675 564.749 515.988 485.3629 450.7981 359.272 361.3493 426.0899 511.6786 572.9149 593.2837 600.5061 604.5535 610.5161 614.034 627.213 660.4529 692.996 732.5685 750.6415 752.3339 782.8427 848.6558 903.2214 -9999 -9999 -9999 -9999 -9999 -9999 -9999 -9999 -9999 -9999
1168.319 1165.431 1158.955 1150.406 1141.279 1127.629 1117.39 1106.189 1095.26 1072.255 1070.127 1061.265 1043.053 1024.281 996.1674 971.2899 953.8906 943.1536 929.8257 918.2338 901.4698 886.8509 867.9684 848.1052 837.1768 822.5735 817.9817 814.8577 802.5317 792.1353 785.1177 770.9942 752.0144 734.985 724.2986 699.853 660.1751 628.6777 606.3893 585.5637 562.1977 537.9686 487.8285 396.2512 356.2618 437.6979 520.8463 551.2922 576.3705 594.3879 606.171 613.0541 631.4219 653.2027 673.9628 713.4494 766.1221 801.1808 804.0927 813.8888 859.1569 917.7872 -9999 -9999 -9999 -9999 -9999 -9999 -9999 -9999 -9999 -9999
1199.857 1202.485 1193.443 1183.125 1169.113 1156.205 1148.668 1132.943 1109.21 1091.896 1090.319 1086.757 1071.667 1053.81 1027.244 995.9006 971.7026 950.1868 926.4579 907.0205 887.9236 868.9619 848.7394 825.5486 804.02 787.5485 783.5647 779.2296 771.6437 769.8617 773.8958 764.9797 739.5895 704.5579 685.1683 659.552 622.4263 591.2665 580.2167 576.549 556.2128 514.8716 477.1568 432.5212 358.1264 432.7423 486.3335 512.3375 537.6216 560.1573 576.746 598.5883 627.7482 650.5367 688.2286 724.0438 765.504 799.3424 827.5961 856.9928 894.5825 934.6445 972.4913 -9999 -9999 -9999 -9999 -9999 -9999 -9999 -9999 -9999
1240.442 1239.886 1228.039 1213.835 1196.669 1177.623 1158.23 1139.175 1135.359 1129.036 1118.995 1088.751 1078.264 1047.134 1029.603 1003.872 972.318 943.9449 918.0977 892.7887 872.3087 855.0132 838.6299 820.8665 795.3624 766.9738 750.2063 740.6874 735.4942 737.5047 740.4826 743.4749 726.4034 689.0068 656.3792 630.8072 594.1403 565.3929 541.8623 538.5751 529.7312 484.289 438.2878 412.7075 371.4213 408.2121 440.1616 470.25 503.7021 532.2222 564.8151 596.5254 620.9552 632.2761 667.1689 701.3917 726.3668 743.9838 777.7741 823.7839 879.8953 898.6569 935.1874 971.4316 -9999 -9999 -9999 -9999 -9999 -9999 -9999 -9999
