data/dem.asc
ncols         636
nrows         216
xllcorner     319840
yllcorner     4763940
cellsize      100
NODATA_value  -9999
[rows 96 to 127 of 216, columns 288 to 359 of 636]
-9999 -9999 -9999 -9999 -9999 -9999 -9999 -9999 -9999 -9999 -9999 -9999 -9999 1703.883 1660.781 1619.92 1598.543 1578.395 1581.594 1594.726 1597.331 1600.913 1620.86 1652.431 1662.1 1679.595 1711.204 1718.226 1670.348 1669.458 1668.226 1595.426 1534.98 1481.241 1433.432 1375.927 1323.149 1283.384 1231.86 1149.671 1083.539 1043.256 1074.677 1124.406 1170.819 1188.608 1223.764 1255.104 1235.846 1191.93 1170.818 1186.761 1141.113 1117.734 1082.57 1073.391 1075.57 1094.11 1074.009 1031.345 1023.823 1006.488 959.3943 912.293 853.8765 867.0459 896.5989 917.1481 959.3842 1002.593 1050.287 1088.809
-9999 -9999 -9999 -9999 -9999 -9999 -9999 -9999 -9999 -9999 -9999 -9999 -9999 1685.584 1665.401 1624.702 1603.651 1608.5 1619.459 1646.999 1663.851 1667.684 1674.702 1694.839 1710.166 1716.223 1712.597 1695.588 1629.864 1597.339 1569.959 1528.863 1488.361 1445.812 1406.643 1368.183 1331.834 1275.929 1209.471 1148.499 1082.84 1062.73 1112.257 1162.008 1210.711 1244.149 1278.451 1298.757 1270.008 1240.198 1220.209 1214.354 1195.991 1169.615 1113.367 1097.126 1122.841 1141.963 1108.156 1063.493 1067.663 1043.071 995.0518 941.8798 880.9483 843.2665 864.2159 906.3029 940.8004 976.0407 1024.856 1075.771
-9999 -9999 -9999 -9999 -9999 -9999 -9999 -9999 -9999 -9999 -9999 -9999 -9999 -9999 1686.172 1657.452 1640.125 1637.086 1651.491 1681.834 1713.311 1730.336 1736.591 1740.363 1739.141 1725.61 1678.863 1659.773 1626.65 1560.256 1503.562 1468.494 1439.215 1404.418 1368.61 1339.26 1283.781 1242.089 1181.366 1124.802 1081.424 1080.75 1117.41 1172.936 1228.15 1272.436 1310.254 1332.643 1311.14 1285.555 1272.596 1257.793 1246.583 1205.393 1155.415 1147.102 1181.254 1181.788 1148.264 1112.846 1092.072 1050.566 996.8485 949.0961 902.1697 867.7385 836.7615 872.2431 911.6354 961.5125 1002.224 1042.678
-9999 -9999 -9999 -9999 -9999 -9999 -9999 -9999 -9999 -9999 -9999 -9999 -9999 -9999 1693.039 1708.362 1706.72 1693.62 1700.51 1724.818 1760.946 1774.557 1757.085 1718.154 1694.829 1678.343 1646.295 1613.423 1612.602 1537.854 1474.725 1422.349 1393.59 1359.687 1324.477 1291.849 1251.938 1201.793 1156.496 1119.603 1089.227 1107.617 1134.411 1159.074 1197.702 1241.562 1285.235 1323.822 1349.724 1344.592 1321.152 1308.609 1306.455 1256.688 1217.805 1217.309 1242.111 1222.232 1170.756 1115.931 1074.051 1034.279 1010.284 987.0429 952.2056 903.6263 853.0469 842.4081 898.5432 947.6661 974.9622 1004.372
-9999 -9999 -9999 -9999 -9999 -9999 -9999 -9999 -9999 -9999 -9999 -9999 -9999 -9999 -9999 -9999 1756.921 1767.42 1768.019 1785.673 1795.135 1764.702 1720.968 1681.467 1646.115 1625.845 1601.234 1570.266 1570.017 1510.366 1439.983 1394.577 1351.558 1318.608 1288.263 1253.868 1224.189 1200.109 1171.783 1143.869 1102.854 1130.465 1181.667 1212.403 1229.955 1258.151 1297.934 1340.859 1377.842 1397.178 1378.887 1366.309 1356.753 1310.633 1287.538 1299.981 1290.66 1252.103 1194.842 1135.452 1089.123 1067.893 1052.182 1023.858 989.2633 940.3539 885.9763 837.4873 864.662 916.1734 933.7683 961.106
-9999 -9999 -9999 -9999 -9999 -9999 -9999 -9999 -9999 -9999 -9999 -9999 -9999 -9999 -9999 -9999 -9999 1806.718 1830.455 1842.887 1812.127 1750.491 1698.971 1660.812 1633.861 1610.304 1591.649 1573.981 1541.581 1474.666 1417.199 1377.04 1332.93 1299.764 1292.706 1284.587 1268.786 1240.935 1196.699 1150.006 1113.471 1159.991 1216.635 1266.027 1291.47 1325.595 1336.257 1369.833 1406.973 1422.16 1429.532 1422.058 1398.218 1356.861 1337.761 1310.783 1268.6 1229.708 1184.808 1129.686 1079.598 1034.001 996.1641 965.6985 936.2493 901.416 869.4555 846.9308 829.7766 869.9592 890.4038 923.0773
-9999 -9999 -9999 -9999 -9999 -9999 -9999 -9999 -9999 -9999 -9999 -9999 -9999 -9999 -9999 -9999 -9999 -9999 -9999 1856.695 1820.674 1767.176 1725.804 1697.772 1680.992 1667.929 1660.186 1630.882 1582.066 1492.972 1428.69 1397.07 1358.39 1344.13 1341.809 1306.282 1264.527 1232.636 1187.453 1140.936 1143.064 1184.526 1243.971 1302.865 1345.278 1366.943 1389.243 1413.67 1434.401 1442.904 1460.646 1453.187 1395.149 1336.292 1304.68 1263.203 1226.636 1188.504 1144.625 1085.916 1040.092 987.0707 973.4351 953.2709 927.7465 908.0336 902.1919 869.3839 824.4034 821.8231 843.7015 882.0999
-9999 -9999 -9999 -9999 -9999 -9999 -9999 -9999 -9999 -9999 -9999 -9999 -9999 -9999 -9999 -9999 -9999 -9999 -9999 1857.483 1826.304 1782.663 1749.564 1718.332 1693.814 1688.843 1699.15 1659.158 1582.545 1502.341 1447.31 1448.735 1423.47 1396.338 1370.005 1321.378 1264.293 1216.677 1171.155 1148.671 1183.192 1219.81 1270.427 1319.148 1345.228 1375.545 1414.442 1452.979 1484.134 1490.446 1487.246 1447.884 1385.62 1324.874 1264.763 1220.087 1179.77 1146.167 1106.689 1056.819 1018.69 1025.704 1037.166 1004.027 984.1802 971.0055 941.6052 911.7932 875.0671 834.4674 814.3094 845.3362
-9999 -9999 -9999 -9999 -9999 -9999 -9999 -9999 -9999 -9999 -9999 -9999 -9999 -9999 -9999 -9999 -9999 -9999 -9999 1862.754 1820.224 1769.222 1724.751 1694.491 1680.975 1672.943 1661.16 1630.414 1567.96 1514.176 1491.664 1496.696 1473.075 1436.366 1391.154 1326.261 1273.384 1227.973 1192.845 1176.433 1177.466 1218.483 1271.45 1309.942 1334.273 1365.722 1411.05 1458.333 1507.801 1538.659 1505.664 1445.468 1380.319 1319.99 1275.702 1246.566 1209.756 1160.341 1098.276 1069.192 1078.099 1086.136 1057.027 1045.718 1046.794 1023.617 975.5444 948.6105 932.6595 882.4968 832.0683 812.2463
-9999 -9999 -9999 -9999 -9999 -9999 -9999 -9999 -9999 -9999 -9999 -9999 -9999 -9999 -9999 -9999 -9999 -9999 -9999 1858.377 1811.292 1762.718 1715.355 1714.641 1715.519 1702.69 1676.19 1673.584 1622.371 1559.946 1540.854 1536.468 1505.267 1470.074 1409.038 1347.159 1288.036 1241.247 1243.476 1218.335 1196.183 1200.028 1251.872 1291.154 1320.142 1348.688 1389.489 1438.535 1491.643 1543.466 1530.027 1467.623 1414.066 1369.801 1330.269 1284.271 1232.716 1167.255 1114.218 1122.256 1145.577 1125.767 1100.526 1114.834 1106.95 1053.542 1019.553 1001.992 960.3721 901.0291 861.4109 830.0726
-9999 -9999 -9999 -9999 -9999 -9999 -9999 -9999 -9999 -9999 -9999 -9999 -9999 -9999 -9999 -9999 -9999 -9999 -9999 1830.998 1797.948 1755.81 1748.862 1760.286 1756.914 1730.466 1709.691 1716.887 1697.96 1612.875 1586.491 1575.039 1525.599 1462.283 1402.22 1339.487 1302.349 1296.423 1292.262 1256.459 1235.708 1220.286 1229.549 1265.224 1285.47 1313.298 1354.922 1406.556 1465.241 1521.37 1547.157 1509.21 1451.312 1398.165 1337.053 1265.469 1204.413 1164.265 1159.033 1180.758 1195.622 1180.064 1170.375 1173.484 1137.417 1095.876 1071.109 1022.567 970.7198 935.5881 908.5443 856.5125
-9999 -9999 -9999 -9999 -9999 -9999 -9999 -9999 -9999 -9999 -9999 -9999 -9999 -9999 -9999 -9999 -9999 -9999 1863.707 1824.989 1792.334 1778.579 1785.765 1803.043 1806.501 1770.742 1755.909 1764.9 1754.082 1663.531 1637.594 1600.133 1530.371 1462.352 1405.095 1376.306 1365.985 1358.49 1332.087 1302.022 1276.805 1240.573 1246.219 1259.48 1272.09 1284.301 1323.594 1377.581 1435.841 1478.088 1513.155 1506.58 1442.116 1375.961 1313.774 1266.196 1236.35 1221.352 1226.655 1235.482 1234.224 1223.527 1231.97 1215.8 1179.65 1147.123 1103.03 1047.134 996.073 953.7535 897.4071 852.1219
-9999 -9999 -9999 -9999 -9999 -9999 -9999 -9999 -9999 -9999 -9999 -9999 -9999 -9999 -9999 -9999 -9999 -9999 1897.367 1871.418 1839.966 1818.728 1828.891 1852.828 1847.07 1820.679 1808.376 1796.64 1765.854 1702.305 1658.976 1612.226 1557.109 1499.84 1454.131 1422.095 1399.904 1379.535 1345.653 1309.201 1270.866 1265.248 1280.559 1301.804 1322.618 1312.714 1310.992 1351.783 1395.055 1429.301 1469.071 1493.837 1452.418 1396.179 1351.869 1316.996 1294.761 1285.576 1296.111 1294.418 1269.206 1254.413 1240.399 1213.674 1186.741 1127.311 1065.939 1016.141 958.1006 907.3646 871.8538 895.2631
-9999 -9999 -9999 -9999 -9999 -9999 -9999 -9999 -9999 -9999 -9999 -9999 -9999 -9999 -9999 -9999 -9999 -9999 -9999 1922.388 1902.923 1862.007 1853.137 1851.902 1851.982 1817.006 1763.392 1738.373 1717.014 1673.232 1627.013 1584.854 1546.015 1485.548 1435.14 1402.316 1375.569 1348.089 1320.12 1287.332 1293.147 1309.428 1296.241 1324.482 1361.741 1355.949 1326.772 1332.381 1367.487 1398.323 1433.438 1477.164 1493.056 1448.152 1406.653 1370.873 1366.232 1356.843 1360.43 1332.066 1270.88 1229.372 1198.273 1145.314 1123.732 1093.013 1030.065 968.3497 920.3867 918.793 911.4095 953.2135
-9999 -9999 -9999 -9999 -9999 -9999 -9999 -9999 -9999 -9999 -9999 -9999 -9999 -9999 -9999 -9999 -9999 -9999 -9999 1953.542 1947.339 1886.753 1838.605 1809.797 1788.09 1744.181 1710.743 1695.924 1682.371 1641.848 1589.404 1546.026 1504.628 1457.155 1419.353 1404.113 1400.546 1373.048 1330.561 1306.821 1331.837 1337.394 1311.397 1332.58 1387.029 1395.708 1371.767 1347.327 1350.144 1377.498 1411.857 1450.309 1493.255 1490.306 1460.675 1432.361 1419.517 1418.375 1396.316 1322.56 1243.422 1178.479 1138.199 1092.725 1052.877 1036.965 993.8317 943.9477 949.0403 977.8065 948.8362 982.2598
-9999 -9999 -9999 -9999 -9999 -9999 -9999 -9999 -9999 -9999 -9999 -9999 -9999 -9999 -9999 -9999 -9999 -9999 -9999 1961.515 1940.58 1876.947 1821.345 1774.337 1745.585 1702.063 1671.284 1662.916 1651.505 1620.938 1573.829 1535.299 1485.307 1440.652 1425.954 1440.516 1435.045 1388.633 1336.654 1325.12 1368.844 1373.963 1351.59 1348.269 1404.719 1436.199 1406.08 1395.446 1382.354 1371.958 1394.861 1429.594 1463.285 1508.421 1503.474 1482.661 1472.91 1458.831 1394.869 1319.831 1238.149 1163.59 1111.901 1082.964 1052.997 1008.486 968.4405 975.5051 1005.469 1035.71 1012.398 1011.985
-9999 -9999 -9999 -9999 -9999 -9999 -9999 -9999 -9999 -9999 -9999 -9999 -9999 -9999 -9999 -9999 -9999 -9999 -9999 1941.984 1902.978 1847.472 1798.303 1748.725 1703.368 1684.433 1655.061 1621.327 1602.824 1581.126 1561.194 1534.393 1478.248 1449.202 1456.077 1477.953 1452.587 1402.067 1366.677 1345.506 1397.15 1415.349 1394.437 1378.883 1431.56 1473.941 1452.128 1449.272 1426.159 1410.215 1393.073 1408.053 1444.416 1501.987 1547.906 1536.94 1481.71 1420.189 1366.248 1302.93 1238.192 1183.135 1163.817 1135.352 1093.722 1030.356 1002.298 1036.494 1063.016 1091.657 1055.924 1055.439
-9999 -9999 -9999 -9999 -9999 -9999 -9999 -9999 -9999 -9999 -9999 -9999 -9999 -9999 -9999 -9999 -9999 -9999 -9999 1932.375 1893.106 1837.9 1795.249 1742.952 1713.679 1674.656 1642.43 1621.195 1592.459 1547.061 1531.218 1519.102 1504.652 1488.998 1505.018 1517.953 1476.733 1431.614 1386.46 1367.878 1425.743 1462.722 1436.366 1417.736 1463.91 1507.468 1493.974 1480.802 1472 1451.194 1429.112 1412.554 1435.239 1489.662 1547.083 1546.876 1477.586 1407.611 1339.094 1285.297 1252.249 1230.534 1207.197 1154.708 1082.84 1029.104 1052.61 1090.974 1124.42 1137.008 1091.169 1099.75
-9999 -9999 -9999 -9999 -9999 -9999 -9999 -9999 -9999 -9999 -9999 -9999 -9999 -9999 -9999 -9999 -9999 -9999 -9999 -9999 1918.627 1877.947 1825.793 1775.949 1739.94 1712.818 1693.514 1675.584 1623.934 1571.17 1549.381 1543.242 1536.798 1536.471 1553.189 1551.014 1497.554 1457.021 1395.103 1403.817 1453.79 1492.758 1474.257 1460.509 1492.973 1533.995 1535.282 1526.851 1525.768 1486.642 1463.275 1434.943 1447.209 1492.915 1546.101 1546.171 1482.594 1422.736 1373.196 1325.57 1288.968 1256.482 1201.343 1137.607 1064.018 1051.365 1088.548 1124.488 1166.102 1186.197 1139.137 1155.032
-9999 -9999 -9999 -9999 -9999 -9999 -9999 -9999 -9999 -9999 -9999 -9999 -9999 -9999 -9999 -9999 -9999 -9999 -9999 -9999 1935.691 1896.972 1851.028 1819.02 1781.022 1759.671 1740.38 1721.522 1673.726 1615.75 1591.109 1583.332 1575.014 1581.666 1603.239 1581.733 1526.039 1468.508 1418.303 1423.794 1469.374 1518.596 1518.683 1496.777 1514.763 1559.281 1580.748 1584.09 1577.227 1519.755 1473.314 1451.2 1476.318 1525.391 1560.657 1539.012 1486.174 1445.546 1395.247 1339.072 1297.365 1236.781 1173.318 1110.264 1059.014 1080.954 1123.549 1160.345 1193.867 1230.472 1193.47 1208.496
-9999 -9999 -9999 -9999 -9999 -9999 -9999 -9999 -9999 -9999 -9999 -9999 -9999 -9999 -9999 -9999 -9999 -9999 -9999 -9999 -9999 1952.358 1893.215 1872.359 1829.156 1775.268 1764.755 1758.228 1726.707 1680.837 1651.482 1635.634 1630.831 1647.647 1656.431 1596.857 1525.893 1474.234 1439.65 1456.021 1492.031 1532.158 1556.847 1539.324 1541.651 1577.351 1617.142 1626.81 1594.711 1533.527 1481.381 1488.055 1514.993 1565.424 1567.05 1510.734 1452.454 1412.425 1375.742 1314.993 1255.952 1200.815 1140.328 1091.745 1090.352 1129.83 1163.964 1207.408 1250.453 1284.416 1252.2 1268.655
-9999 -9999 -9999 -9999 -9999 -9999 -9999 -9999 -9999 -9999 -9999 -9999 -9999 -9999 -9999 -9999 -9999 -9999 -9999 -9999 -9999 1974.577 1944.655 1905.511 1854.535 1812.717 1816.966 1813.345 1788.045 1747.335 1718.438 1695.911 1696.651 1719.845 1700.255 1619.367 1548.618 1501.682 1466.166 1480.967 1506.454 1539.883 1572.78 1583.773 1585.238 1609.47 1636.837 1613.639 1567.734 1523.769 1512.484 1528.823 1559.886 1601.618 1563.421 1498.845 1439.921 1382.07 1330.552 1273.196 1223.342 1187.648 1158.033 1114.436 1134.27 1146.819 1198.211 1250.194 1296.92 1331.664 1314.947 1328.804
-9999 -9999 -9999 -9999 -9999 -9999 -9999 -9999 -9999 -9999 -9999 -9999 -9999 -9999 -9999 -9999 -9999 -9999 -9999 -9999 -9999 -9999 -9999 1928.922 1883.342 1858.364 1860.49 1845.398 1833.933 1820.864 1798.733 1770.71 1777.882 1772.81 1706.754 1639.441 1593.113 1537.103 1499.286 1485.185 1501.669 1547.881 1594.784 1610.255 1636.174 1654.226 1639.121 1596.62 1558.542 1527.667 1547.622 1582.955 1615.336 1621.858 1574.778 1508.303 1449.341 1380.953 1320.006 1288.74 1278.137 1240.982 1173.408 1144.161 1191.137 1183.779 1232.515 1283.564 1339.284 1377.882 1386.843 1392.63
-9999 -9999 -9999 -9999 -9999 -9999 -9999 -9999 -9999 -9999 -9999 -9999 -9999 -9999 -9999 -9999 -9999 -9999 -9999 -9999 -9999 -9999 -9999 -9999 1962.905 1966.703 1936.1 1896.039 1876.836 1885.968 1893.635 1875.775 1861.241 1789.81 1734.395 1691.314 1661.884 1609.169 1565.574 1524.849 1523.344 1561.135 1624.985 1671.588 1686.249 1679.051 1627.411 1586.56 1554.614 1547.749 1581.331 1624.191 1635.659 1589.142 1537.596 1481.314 1422.805 1372.716 1357.831 1347.93 1316.753 1249.653 1184.302 1188.884 1240.702 1246.857 1259.879 1330.901 1380.667 1427.378 1449.231 1455.229
-9999 -9999 -9999 -9999 -9999 -9999 -9999 -9999 -9999 -9999 -9999 -9999 -9999 -9999 -9999 -9999 -9999 -9999 -9999 -9999 -9999 -9999 -9999 -9999 -9999 -9999 1993.072 1992.963 1970.231 1973.274 1979.66 1950.87 1885.06 1829.117 1791.557 1762.786 1745.802 1705.251 1654.665 1607.721 1567.689 1588.474 1634.46 1699.537 1726.715 1668.148 1611.66 1587.347 1585.43 1593.281 1614.196 1661.453 1655.396 1598.472 1538.391 1492.399 1444.186 1411.435 1412.268 1397.356 1343.392 1267.349 1209.961 1237.404 1287.355 1313.052 1292.059 1342.01 1413.637 1472.448 1492.967 1465.889
-9999 -9999 -9999 -9999 -9999 -9999 -9999 -9999 -9999 -9999 -9999 -9999 -9999 -9999 -9999 -9999 -9999 -9999 -9999 -9999 -9999 -9999 -9999 -9999 -9999 -9999 -9999 -9999 -9999 2033.716 2060.181 2013.178 1977.56 1933.606 1874.484 1844.501 1846.31 1808.177 1766.214 1678.245 1629.686 1644.888 1670.692 1719.99 1732.782 1696.473 1622.34 1594.683 1597.385 1621.387 1654.496 1702.856 1692.876 1624.861 1573.386 1524.862 1473.166 1459.644 1459.18 1428.255 1358.511 1281.106 1250.482 1290.866 1347.154 1377.734 1349.743 1374.081 1428.306 1490.621 1508.909 1471.488
-9999 -9999 -9999 -9999 -9999 -9999 -9999 -9999 -9999 -9999 -9999 -9999 -9999 -9999 -9999 -9999 -9999 -9999 -9999 -9999 -9999 -9999 -9999 -9999 -9999 -9999 -9999 -9999 -9999 -9999 -9999 2050.133 2052.105 2016.261 1956.954 1925.311 1916.812 1858.434 1788.461 1726.002 1697.843 1718.649 1758.402 1795.874 1753.61 1704.249 1664.108 1629.028 1626.759 1645.443 1683.942 1728.747 1723.402 1666.875 1626.809 1564.427 1520.787 1511.984 1495.04 1425.933 1354.515 1288.787 1292.603 1349.116 1399.86 1434.145 1416.474 1434.03 1473.444 1517.297 1519.905 1487.281
-9999 -9999 -9999 -9999 -9999 -9999 -9999 -9999 -9999 -9999 -9999 -9999 -9999 -9999 -9999 -9999 -9999 -9999 -9999 -9999 -9999 -9999 -9999 -9999 -9999 -9999 -9999 -9999 -9999 -9999 -9999 -9999 2083.451 2074.685 2025.698 1994.633 1942.534 1875.477 1817.441 1759.428 1745.152 1781.906 1839.349 1865.616 1802.308 1719.325 1679.754 1661.573 1667.375 1681.594 1728.137 1770.478 1760.645 1725.743 1679.578 1611.593 1583.211 1569.297 1504.771 1425.895 1351.179 1311.183 1327.474 1382.864 1444.349 1487.101 1476.098 1491.536 1526.861 1558.664 1546.198 1507.884
-9999 -9999 -9999 -9999 -9999 -9999 -9999 -9999 -9999 -9999 -9999 -9999 -9999 -9999 -9999 -9999 -9999 -9999 -9999 -9999 -9999 -9999 -9999 -9999 -9999 -9999 -9999 -9999 -9999 -9999 -9999 -9999 -9999 2091.189 2061.672 1995.465 1942.459 1895.707 1849.45 1820.657 1808.334 1831.53 1886.464 1908.05 1841.812 1770.347 1707.954 1678.281 1684.024 1714.78 1766.205 1801.267 1817.321 1773.425 1713.507 1667.604 1650.922 1605.056 1531.293 1451.111 1386.943 1355.883 1363.865 1423.236 1489.562 1545.282 1550.497 1558.065 1587.92 1615.556 1585.21 1528.771
-9999 -9999 -9999 -9999 -9999 -9999 -9999 -9999 -9999 -9999 -9999 -9999 -9999 -9999 -9999 -9999 -9999 -9999 -9999 -9999 -9999 -9999 -9999 -9999 -9999 -9999 -9999 -9999 -9999 -9999 -9999 -9999 -9999 -9999 2039.86 1975.039 1922.224 1889.801 1865.156 1868.694 1885.89 1910.994 1954.386 1931.948 1855.153 1796.32 1754.896 1722.516 1737.49 1762.606 1808.985 1852.927 1869.626 1815.756 1754.745 1726.095 1684.293 1620.716 1545.364 1484.918 1478.797 1433.846 1412.377 1460.446 1527.521 1591.278 1625.526 1634.57 1659.97 1664.837 1607.576 1544.89
-9999 -9999 -9999 -9999 -9999 -9999 -9999 -9999 -9999 -9999 -9999 -9999 -9999 -9999 -9999 -9999 -9999 -9999 -9999 -9999 -9999 -9999 -9999 -9999 -9999 -9999 -9999 -9999 -9999 -9999 -9999 -9999 -9999 -9999 2036.919 1986.54 1937.714 1904.345 1889.13 1907.315 1948.78 1984.883 1996.387 1930.219 1850.576 1794.05 1763.457 1755.964 1783.886 1818.337 1864.033 1901.141 1904.955 1845.263 1804.582 1751.136 1681.432 1620.686 1572.239 1533.308 1544.841 1494.957 1458.332 1491.671 1558.498 1622.622 1682.034 1709.512 1713.648 1680.675 1627.547 1560.882
-9999 -9999 -9999 -9999 -9999 -9999 -9999 -9999 -9999 -9999 -9999 -9999 -9999 -9999 -9999 -9999 -9999 -9999 -9999 -9999 -9999 -9999 -9999 -9999 -9999 -9999 -9999 -9999 -9999 -9999 -9999 -9999 -9999 -9999 2032.7 1991.064 1960.04 1946.154 1923.246 1930.211 1961.753 1988.696 1990.293 1921.057 1850.522 1795.778 1768.379 1780.105 1813.393 1852.587 1900.965 1943.802 1948.139 1891.373 1831.822 1756.567 1699.659 1658.349 1602.505 1593.608 1601.635 1542.087 1499.721 1515.814 1575.773 1643.111 1718.583 1726.423 1682.157 1639.931 1598.459 1548.125
