data/dem.asc
ncols         636
nrows         216
xllcorner     319840
yllcorner     4763940
cellsize      100
NODATA_value  -9999
[rows 64 to 95 of 216, columns 360 to 431 of 636]
1379.683 1427.159 1482.424 1526.15 1557.126 1578.223 1610.145 1648.382 1665.421 1654.518 1625.182 1607.468 1594.448 1555.843 1523.821 1516.288 1505.019 1486.004 1467.941 1446.921 1416.952 1408.355 1405.795 1389.203 1348.144 1303.172 1270.096 1248.097 1220.031 1208.267 1227.072 1239.92 1204.497 1153.024 1142.052 1123.446 1085.818 1058.353 1047.641 1039.432 996.5919 946.3934 886.5114 838.4465 803.3315 770.658 724.4561 689.9429 659.7675 631.2151 615.5584 601.0938 578.3979 558.2364 536.0933 511.2583 481.4482 516.3944 529.079 522.3102 507.5698 490.8827 478.2698 453.8062 415.8537 405.6171 409.9417 434.5135 454.0098 469.7727 485.0284 478.7961
1402.414 1460.391 1504.83 1545.146 1592.532 1625.517 1634.662 1612.901 1576.139 1559.523 1548.553 1542.489 1540.844 1508.996 1482.789 1470.845 1466.397 1453.727 1436.213 1427.345 1387.024 1379.536 1384.41 1372.508 1366.699 1341.723 1313.768 1279.174 1254.302 1241.406 1239.875 1227.812 1210.039 1170.073 1152.101 1127.477 1082.083 1049.829 1027.924 998.4822 960.946 928.1031 900.3425 868.3815 824.9622 778.5742 734.1037 693.4306 665.0224 651.38 643.1927 628.7141 600.4876 579.8945 554.568 526.3475 482.2785 484.8931 505.0293 500.5188 491.5748 483.7149 459.2157 418.2724 408.3772 417.0686 453.047 477.9206 490.4379 492.8359 511.1 507.0975
1414.261 1481.716 1536.081 1573.648 1616.672 1659.552 1608.359 1540.331 1505.539 1502.786 1506.121 1496.479 1483.128 1466.964 1450.502 1439.398 1433.008 1417.531 1401.127 1390.882 1366.715 1342.111 1355.51 1338.288 1339.92 1339.098 1324.905 1306.298 1275.762 1253.191 1239.367 1222.168 1197.858 1158.115 1122.712 1099.033 1067.556 1033.798 998.3157 958.8983 914.9131 880.3395 858.9724 848.9091 828.6854 781.6182 740.9522 708.3396 684.4119 671.2994 672.3903 656.5099 633.0143 604.154 573.5107 537.4576 499.1564 457.3937 481.2147 487.0255 474.761 462.3284 430.8748 411.7122 427.6373 440.2014 475.1943 512.9763 528.6401 534.5875 540.4068 525.018
1420.745 1457.578 1521.468 1544.966 1595.904 1614.047 1559.851 1501.234 1472.656 1466.349 1476.068 1473.562 1457.034 1442.771 1419.642 1413.869 1415.022 1400.449 1374.898 1346.332 1335.976 1304.629 1312.01 1301.044 1299.867 1295.395 1288.664 1283.423 1276.013 1260.688 1239.635 1223.377 1209.251 1170.674 1126.451 1087.172 1055.845 1026.661 994.025 969.399 929.6584 872.7274 823.1665 820.4153 812.0865 780.4126 750.5543 722.986 702.4946 687.6241 679.4434 660.8092 643.2361 616.1077 578.111 531.1716 495.8186 451.0514 450.3105 471.2896 466.6515 443.6693 417.0769 424.4826 456.8702 481.3308 468.8773 513.76 561.4818 562.1506 554.6437 545.5537
1381.696 1414.18 1454.162 1482.098 1532.907 1556.015 1533.349 1488.418 1454.114 1447.457 1446.282 1450.284 1441.247 1427.688 1399.717 1393.02 1395.688 1392.576 1362.784 1327.982 1312.439 1275.612 1275.41 1272.466 1264.099 1255.469 1253.701 1261.255 1286.949 1260.485 1208.37 1182.635 1183.117 1166.637 1126.008 1084.634 1056.516 1034.718 984.1027 932.112 888.0573 837.0334 793.6232 782.0258 781.4252 762.4052 736.6851 710.9996 688.8566 673.3864 665.3318 657.8469 639.7998 616.1722 574.8385 515.2145 461.8673 438.5009 438.3631 446.765 461.5856 428.4528 417.6067 441.9767 480.2873 505.4708 493.127 534.033 569.959 571.4305 568.0228 568.4283
1338.352 1373.019 1419.84 1464.5 1493.952 1513.413 1504.487 1472.444 1437.788 1425.431 1420.217 1424.467 1418.637 1407.13 1392.097 1379.155 1381.086 1376.302 1347.264 1314.659 1295.152 1254.979 1234.147 1246.699 1233.738 1222.798 1221.267 1236.407 1261.791 1250.496 1186.884 1142.105 1131.787 1138.897 1131.215 1096.581 1078.061 1065.693 1004.729 942.0021 883.6493 832.1627 791.2695 761.0554 755.527 741.6833 715.5094 698.3227 678.675 660.4453 649.2346 640.4189 620.5086 592.8409 540.5383 486.9848 445.1388 447.869 442.2534 430.3311 428.7933 421.9903 434.5981 479.6143 505.0349 528.8838 515.5879 524.8461 554.7785 577.6268 586.1798 580.0369
1311.945 1349.791 1395.972 1441.079 1459.31 1477.708 1466.971 1444.184 1412.197 1396.003 1391.047 1383.69 1383.198 1385.549 1379.152 1365.152 1359.85 1349.947 1323.504 1287.202 1263.445 1243.424 1206.77 1217.716 1210.053 1191.178 1194.916 1202.558 1196.504 1194.032 1160.915 1117.906 1093.819 1096.551 1103.165 1103.596 1089.531 1071.859 1024.163 962.8264 912.0804 855.918 809.8597 768.0975 745.6674 730.1102 711.509 701.723 679.7297 661.1454 644.9141 635.2421 623.6403 596.4632 555.4804 494.486 449.6821 476.9346 476.0924 448.5735 439.3258 434.9915 469.905 521.1288 546.8249 553.7651 546.8806 538.7726 567.3815 593.6525 604.4429 602.8181
1313.808 1344.341 1381.096 1405.712 1426.102 1431.812 1422.822 1431.237 1402.591 1369.081 1358.346 1352.511 1344.01 1350.621 1345.773 1329.816 1319.946 1297.81 1288.471 1267.021 1242.946 1226.968 1190.938 1170.461 1182.268 1154.171 1166.167 1161.093 1152.618 1149.447 1115.944 1083.154 1062.828 1057.105 1058.587 1062.105 1056.694 1045.12 1013.826 972.2069 933.0792 893.5948 853.0265 810.8831 777.4078 747.1403 719.4991 702.7928 678.1299 655.139 638.867 629.8306 620.3896 596.4116 561.0352 506.8822 456.5045 489.486 505.3938 500.2979 492.8289 477.2428 468.3434 516.4691 561.043 573.6673 568.5465 558.3331 595.3186 621.3906 631.6898 640.5603
1299.554 1321.975 1345.612 1368.12 1406.242 1396.567 1380.776 1384.485 1386.368 1356.483 1328.143 1311.139 1306.812 1311.286 1308.943 1289.885 1299.138 1271.751 1257.223 1249.16 1230.503 1208.707 1179.866 1144.78 1138.153 1121.526 1133.691 1125.262 1112.034 1122.073 1099.112 1056.46 1040.44 1033.234 1021.616 1020.068 1030.976 1031.28 999.8646 952.8875 904.1039 861.8005 854.3742 817.3871 811.998 782.3346 744.8909 708.2814 680.7432 664.4235 638.407 613.6517 603.0554 588.4711 556.3024 511.1346 457.2475 480.3559 515.3327 533.1566 543.9596 531.2112 497.5375 515.7708 574.9892 603.0391 592.6494 588.9969 614.8743 651.0142 658.1487 670.7935
1271.206 1283.531 1297.037 1347.888 1389.435 1372.725 1341.64 1335.161 1345.396 1353.999 1315.62 1286.008 1274.903 1269.529 1268.107 1256.354 1273.515 1250.103 1228.73 1211.589 1196.209 1187.23 1159.362 1136.442 1110.183 1089.497 1092.388 1097.732 1084.514 1088.266 1076.186 1036.403 1020.381 1012.605 1001.263 989.8451 1010.67 1025.618 1005.082 945.4146 887.661 838.3043 812.7817 768.1313 772.0779 750.7397 728.8962 689.4111 636.9815 604.9454 589.4218 561.868 556.9968 550.6998 533.1448 503.9374 460.6654 471.3134 521.1691 543.3403 571.4338 583.596 556.821 558.9427 600.7038 648.1441 632.9337 638.9248 662.4113 681.9256 684.6087 691.3889
1231.57 1240.185 1282.342 1325.631 1371.989 1373.687 1332.405 1292.654 1300.619 1319.676 1323.888 1298.537 1269.022 1250.28 1238.799 1210.23 1229.372 1209.501 1174.139 1158.278 1145.012 1162.254 1149.81 1127.135 1104.196 1080.768 1061.931 1062.689 1059.141 1052.905 1046.832 1007.383 1002.69 1003.223 986.5515 958.5295 963.3865 986.6546 998.8334 957.5365 897.9402 823.2911 780.9333 741.6608 712.1479 695.9163 695.4653 650.0981 603.9453 560.0268 546.2703 514.0004 494.8297 484.5363 481.3091 470.023 469.3633 502.4697 544.3384 570.2894 583.3531 616.6819 616.1859 621.7332 650.2382 682.2193 686.6722 694.2927 711.7068 706.4791 702.8594 712.3483
1188.693 1239.769 1291.939 1336.031 1376.517 1352.997 1331.798 1277.29 1252.092 1266.232 1282.063 1294.304 1265.195 1240.223 1221.194 1184.747 1175.406 1163.938 1125.047 1101.31 1092.071 1106.147 1114.806 1118.169 1099.778 1074.598 1051.962 1037.324 1023.831 1022.473 1012.574 979.3488 989.9473 992.1226 962.4694 933.2929 929.3569 955.9797 985.7192 943.825 889.587 818.7853 758.2412 728.5096 702.2947 680.9837 667.6838 614.9329 580.3521 553.0272 531.6302 508.9281 499.3952 505.6306 506.0225 509.8989 530.4698 555.4802 587.1667 614.2596 608.3867 630.5753 667.7817 687.7238 710.7231 730.2065 745.9357 757.8901 749.9479 729.194 726.5236 743.0574
1179.147 1220.864 1263.465 1307.966 1355.791 1312.698 1284.063 1267.846 1228.178 1216.859 1230.813 1261.167 1254.447 1220.039 1197.659 1167.569 1140.612 1144.292 1107.223 1054.698 1041.095 1046.169 1064.886 1094.725 1074.42 1058.521 1041.462 1024.352 1001.144 993.3417 980.0273 959.0162 968.674 975.4868 951.467 921.3447 906.9104 934.548 968.9053 948.5427 893.9576 836.9192 780.2467 733.6153 696.8528 675.4388 653.2599 616.052 587.14 558.6688 530.8284 523.2271 567.1108 580.0797 574.1613 575.3958 594.3859 620.0193 632.3739 663.2578 653.0618 659.6322 688.4828 710.4686 737.1662 776.741 813.0745 825.5983 777.8895 755.6677 745.772 736.1302
1170.537 1208.609 1255.634 1306.721 1335.237 1287.905 1237.706 1208.912 1206.059 1186.552 1189.055 1206.575 1219.603 1214.403 1177.514 1147.613 1117.708 1114.591 1092.742 1031.912 1008.151 993.2579 1030.074 1055.655 1054.703 1038.483 1029.22 1014.652 987.8982 966.7377 954.2178 938.7555 942.4334 949.0336 943.1169 907.0532 885.4438 891.6672 927.3708 927.4768 892.8085 852.8776 802.5873 754.7112 698.1573 660.5521 640.7983 622.8224 597.2586 563.671 572.1149 599.8048 662.6297 704.2179 664.3381 649.2875 665.1656 688.5264 695.5582 716.6865 710.758 715.211 733.5436 740.847 767.8609 822.2254 889.1591 886.1196 827.9008 794.8098 773.9106 762.6892
1185.419 1216.424 1255.486 1295.242 1326.742 1288.711 1228.392 1179.303 1151.655 1157.149 1140.203 1144.401 1164.177 1180.229 1176.346 1127.063 1091.673 1075.731 1069.48 1026.205 982.0372 967.8928 991.7599 995.9825 1002.284 988.801 1007.112 1003.189 971.1997 952.5751 933.2503 918.7859 916.0201 923.3954 922.4839 887.6816 861.754 853.1881 888.543 882.5208 867.475 866.5483 825.8577 768.3884 715.6685 657.9166 623.1246 609.3646 594.8871 569.1632 634.0782 689.0511 696.5118 737.7585 791.8718 775.1666 758.7494 760.2335 767.8282 779.9648 777.7246 778.8203 818.2891 812.9962 851.8297 898.9681 961.0347 935.1326 891.6226 854.5693 841.5681 798.2509
1210.049 1231.35 1258.264 1281.683 1307.168 1282.938 1240.832 1202.25 1142.391 1112.603 1112.199 1085.244 1106.649 1131.3 1149.686 1113.074 1074.593 1054.384 1020.479 996.4717 958.5145 940.0334 936.9323 951.6104 959.6534 938.4783 975.1685 1003.89 967.7535 942.4252 921.423 899.2816 888.7629 891.3096 901.1248 886.2228 857.0101 832.712 849.3475 835.1717 831.1911 843.6497 822.1339 754.0518 707.1259 665.4807 615.2144 583.8111 575.1484 578.1547 657.5628 741.1395 732.9311 722.5697 774.079 835.3797 883.5391 914.2274 902.5832 895.6871 908.8546 873.3092 907.5471 909.3604 939.787 956.1512 998.7892 996.8232 950.4988 926.0204 914.7547 845.6474
1206.419 1245.802 1278.389 1296.792 1288.59 1240.771 1213.386 1196.011 1160.728 1101.504 1070.827 1047.405 1068.715 1103.764 1120.995 1095.645 1061.994 1041.545 1007.311 979.0414 954.5979 918.4454 897.1389 900.9443 911.124 901.5812 940.6229 965.2438 960.9698 933.5731 907.3527 890.9743 872.2454 863.335 869.4118 872.8433 849.855 822.8746 804.4199 785.5215 791.8771 810.0317 822.35 777.4792 740.4208 690.5671 619.0699 575.1239 568.2881 582.6732 652.8268 725.3942 740.7136 744.4681 760.0711 786.2685 832.5737 875.9714 911.0344 960.4194 991.6371 964.2191 961.8055 960.8573 965.3433 997.5883 1026.177 1026.839 1002.119 983.0164 928.6038 844.7816
1195.328 1226.716 1266.59 1299.01 1263.448 1214.976 1172.433 1157.509 1145.096 1122.242 1078.265 1031.921 1023.022 1055.505 1069.942 1068.012 1037.849 1029.328 1002.47 970.0856 941.8837 914.8389 880.9426 865.8738 869.4402 876.5287 904.1996 913.9907 948.5479 937.3468 901.7952 888.5991 862.39 840.0848 847.3755 856.2298 836.7746 806.2669 784.644 758.0199 742.3998 779.5134 786.5175 750.7621 694.5153 671.0839 593.5263 569.5993 570.2581 602.3754 674.8089 743.1445 770.529 749.0009 763.8709 779.2051 787.7782 815.335 885.1317 942.8833 963.2424 974.2981 990.0747 993.1442 976.7677 987.8376 1005.542 1003.962 992.5187 972.8679 911.827 854.2485
1165.482 1197.843 1224.394 1265.821 1271.498 1224.977 1162.306 1112.44 1085.689 1079.925 1076.823 1042.064 996.6977 1018.377 1026.599 1031.66 1010.732 1012.694 998.3998 966.0939 933.1738 905.7031 870.6725 844.0414 841.6733 859.9852 865.4928 877.3008 906.0703 929.5884 920.6266 911.7302 859.6899 811.4875 826.0734 827.1179 803.5753 760.8018 749.8107 732.6781 702.4752 739.8775 731.6837 702.1405 639.3043 597.3074 572.025 572.5261 572.8549 603.2646 660.1696 742.5592 777.3423 799.6446 795.4683 793.6616 816.3128 834.5643 869.7249 893.7836 913.1909 928.3484 952.1282 969.956 987.8066 1007.005 1013.737 997.3979 973.8828 946.2239 918.8887 893.8175
1166.409 1203.978 1236.277 1266.446 1270.216 1224.683 1175.718 1126.583 1085.01 1039.748 1021.68 1017.536 973.3787 996.9493 1000.134 986.2815 987.0505 994.0035 975.8898 952.1202 926.2179 906.8511 884.2064 861.5294 826.1193 825.2479 826.9178 845.2595 854.0249 888.329 896.8741 906.4318 850.5657 784.6866 784.0975 786.0688 773.8113 727.6204 697.1947 685.3902 656.4015 669.8613 684.6951 671.7109 620.0392 573.5524 597.7609 614.5757 590.9377 613.9751 656.9476 704.3102 762.6524 828.3251 854.809 846.2059 847.1731 851.1401 863.111 865.9889 878.2325 900.5561 931.243 958.9515 1001.779 1044.369 1054.022 1032.885 1008.566 960.4393 929.4852 920.4803
1198.393 1227.991 1267.79 1287.153 1264.537 1203.909 1153.038 1107.909 1079.156 1061.562 1031.472 984.4796 953.7236 954.4404 964.6049 947.4637 960.435 967.0642 950.1068 931.1541 915.0709 898.0952 878.6196 864.8702 835.6178 796.0202 789.0281 797.9248 821.4671 848.7154 838.5049 866.4515 858.6727 790.836 743.0519 727.9065 747.5621 726.1203 670.1779 633.2106 607.4104 612.9222 621.8818 617.8488 592.9216 577.5396 653.3685 675.728 620.2822 627.4324 693.8745 743.5261 779.1564 839.0032 883.1569 878.7163 885.6051 880.8284 904.2113 895.9617 882.7727 908.2537 938.9676 976.7827 1016.621 1076.961 1100.099 1082.26 1063.516 1018.503 980.3463 955.5437
1210.984 1214.586 1237.525 1271.282 1264.18 1208.004 1165.412 1151.322 1126.847 1103.03 1060.264 1003.993 968.5325 932.0297 911.9606 903.545 920.0962 940.5201 935.6249 917.1235 899.8143 883.4241 866.8871 851.2132 832.6373 797.6338 764.2216 750.3589 774.1443 809.7413 790.2523 821.8463 842.0043 813.1498 756.8995 693.2124 700.7621 706.1129 649.5434 603.2736 609.4276 605.3105 597.47 584.7946 578.0916 593.5992 680.3185 706.6306 641.4922 656.0421 727.2937 801.8571 841.4097 873.5029 897.3766 915.89 915.5608 902.4628 925.1763 921.7951 898.4519 913.4477 945.439 975.9698 1018.846 1084.062 1123.794 1120.346 1110.099 1073.832 1039.109 1005.346
1173.104 1186.034 1220.86 1256.558 1271.507 1238.873 1212.251 1180.418 1134.789 1103.819 1070.835 1021.946 977.3712 947.0622 927.2143 889.061 869.8004 904.0401 913.353 901.5339 883.6777 872.353 858.3904 836.8425 816.1172 804.1379 778.3091 745.3228 737.0252 779.6927 756.1201 776.4506 807.8433 821.288 754.0764 685.684 653.1022 658.1974 618.3506 601.2004 631.8481 643.2186 632.8831 628.3235 631.7482 646.6472 693.3033 740.6415 684.7709 666.9516 742.7785 833.0756 898.3168 938.0338 936.3137 944.4244 945.8808 924.3681 939.0857 952.315 932.281 919.5065 938.6576 972.2988 1025.134 1083.94 1109.21 1118.131 1108.97 1084.76 1064.237 1053.156
1144.741 1180.287 1221.368 1249.597 1275.928 1243.299 1195.528 1158.302 1119.223 1085.752 1057.171 1023.195 996.5184 984.0788 973.3602 925.4706 868.0329 863.4684 882.9809 882.4391 870.1939 860.3715 845.0893 824.31 795.1857 783.3027 774.2952 748.3188 721.1793 755.7288 735.4749 732.3947 764.7465 765.6595 739.1409 705.3021 661.5806 623.5048 604.3737 619.4091 649.9361 652.9432 648.6619 672.1112 704.9013 715.952 746.0818 774.6439 726.9203 690.8245 739.6959 835.5878 935.6669 991.0345 991.4262 982.1522 988.7648 964.3841 959.0334 972.5626 949.7503 947.7933 950.3578 971.962 1001.971 1043.447 1078.725 1119.74 1140.15 1130.081 1092.531 1051.064
1126.786 1181.678 1228.326 1270.106 1281.817 1239.219 1191.101 1156.849 1127.734 1106.973 1080.296 1057.442 1040.079 1026.706 998.3011 947.253 892.1848 849.0416 834.8145 850.086 851.2689 836.7953 823.9789 806.4938 779.421 757.3433 750.888 732.6957 707.7758 736.2104 728.0373 692.8016 706.2135 690.0463 668.8143 660.7017 647.1398 608.2966 623.2382 652.3287 665.0953 663.8754 662.4233 695.0191 754.2264 788.825 814.9749 828.8832 770.1322 728.4388 750.3747 841.4727 934.2026 995.6897 1028.203 1034.191 1032.019 997.8063 983.6392 999.2466 974.7666 991.5565 981.2114 999.1306 1024.138 1048.388 1099.645 1158.267 1187.525 1159.551 1108.621 1095.355
1120.596 1154.663 1204.636 1267.335 1293.755 1257.838 1221.498 1191.844 1151.647 1127.794 1110.113 1088.555 1065.565 1023.206 980.4794 942.497 907.8245 862.8913 834.12 813.8491 818.8715 817.9813 808.3051 791.7119 768.9586 747.883 721.5919 699.8542 691.0091 688.3495 678.3204 663.0291 654.9299 644.7024 635.735 625.1627 611.7134 623.9601 658.0974 672.6218 682.1174 684.399 676.4814 695.6235 752.0994 819.2181 872.2936 879.2155 827.5816 776.004 763.6188 834.9371 907.1047 962.8077 1012.625 1060.78 1066.931 1040.849 1018.36 1030.177 1014.871 1021.193 1024.411 1022.631 1069.336 1089.705 1124.678 1190.636 1217.082 1184.22 1152.547 1131.146
1171.774 1196.958 1237.363 1276.502 1295.049 1282.127 1253.66 1216.447 1179.844 1152.961 1123.515 1089.407 1053.152 1014.168 972.2114 949.4634 909.681 879.0024 854.7122 827.8138 799.951 778.4985 777.6304 770.569 754.0415 734.2241 715.1429 716.0352 711.5729 703.0624 708.3715 702.5696 695.949 694.6592 683.1271 655.2441 613.7825 642.86 672.4874 685.0736 699.1654 713.319 705.9081 714.8674 753.5721 812.6906 879.6521 913.1395 877.7307 821.4711 792.3636 822.4988 885.2256 946.0859 980.9458 1018.538 1065.057 1078.446 1060.147 1071.641 1064.281 1051.148 1073.672 1057.18 1110.088 1151.648 1167.365 1211.3 1237.149 1207.949 1172.82 1134.425
1189.822 1224.548 1251.158 1240.024 1258.254 1282.128 1280.286 1243.857 1199.472 1163.265 1126.301 1089.988 1063.079 1030.607 985.8362 958.5685 924.2123 905.3437 876.0553 839.3928 809.9921 781.9582 766.1368 747.6552 734.1002 726.014 743.4567 759.3135 729.9379 727.927 771.4103 768.9152 764.7664 743.0965 700.6591 650.2117 614.3074 642.8679 671.6919 693.7973 711.9803 731.0681 734.8063 744.4565 783.8874 831.8289 875.5533 920.9166 888.9487 848.0314 820.523 829.0255 871.2062 906.8167 937.4329 982.5469 1038.755 1100.884 1100.522 1100.125 1106.324 1091.242 1126.891 1108.736 1140.601 1194.782 1212.356 1224.06 1216.827 1196.303 1171.982 1138.703
1144.738 1179.42 1215.596 1189.523 1213.076 1259.998 1287.622 1258.11 1205.915 1167.423 1146.713 1115.619 1087.987 1056.173 1023.051 983.9058 952.4734 930.9704 899.1249 860.9824 830.4409 805.9102 797.0974 777.7067 756.6675 748.3739 770.6833 780.8633 747.2529 733.1078 787.3549 805.754 766.9523 708.91 642.6617 626.1461 627.1755 646.0387 676.4698 709.3784 736.8169 765.9478 767.5408 788.7595 817.242 868.4821 911.405 923.0844 893.3206 872.4223 864.0405 846.6525 878.4005 918.3683 925.1208 954.1078 1011.999 1080.324 1129.203 1134.239 1154.136 1134.666 1169.328 1174.88 1174.498 1221.416 1223.56 1213.478 1200.392 1184.684 1176.068 1152.528
1109.509 1150.641 1167.435 1146.835 1178.122 1228.098 1256.77 1259.876 1216.234 1186.562 1174.424 1157.874 1124.236 1076.087 1033.202 1007.254 983.9398 956.4949 931.9664 890.002 862.199 835.0771 825.3562 802.8063 787.9224 788.479 804.0034 804.7451 754.1209 754.066 797.1445 791.0079 719.598 649.4275 640.4203 665.9257 668.6451 658.7512 693.1476 738.0265 752.3203 780.0204 805.035 821.7853 854.4773 897.399 951.9985 947.2208 916.3318 918.4681 917.5432 893.821 897.217 979.3284 990.0155 981.031 994.1901 1048.859 1110.299 1160.692 1204.025 1182.148 1193.299 1209.44 1218.855 1235.422 1236.76 1224.721 1205.65 1201.53 1194.592 1180.811
1077.975 1106.603 1124.027 1113.976 1152.514 1176.763 1203.847 1215.958 1231.609 1221.685 1202.919 1195.156 1154.167 1097.91 1058.288 1032.699 1014.901 989.1146 956.7585 931.0828 900.9957 874.8179 855.028 821.5008 821.3068 839.8938 846.4302 816.584 780.0086 800.5429 812.1459 776.7589 701.4849 640.0039 662.342 691.9217 686.5823 684.2656 718.0876 767.4545 793.9412 801.2707 830.599 862.8358 890.1265 935.2947 980.6509 983.1954 975.4686 982.1793 973.5682 928.038 927.2565 1025.702 1073.889 1047.981 1034.252 1037.773 1087.602 1161.499 1230.885 1234.558 1229.614 1225.944 1249.12 1263.276 1258.686 1233.411 1221.225 1221.979 1219.126 1206.958
1089.163 1110.555 1110.082 1089.115 1113.693 1124.802 1150.362 1161.449 1202.855 1239.523 1240.091 1218.756 1165.677 1107.385 1080.929 1061.976 1046.521 1013.948 989.0887 955.9893 932.5386 908.4112 876.4427 860.2881 851.9763 878.6743 884.0622 852.0933 826.1389 799.6219 770.4174 757.4197 685.9805 652.4651 683.4774 701.9969 702.8571 708.7263 746.8789 783.4517 829.2852 853.9654 871.2296 902.8459 933.1089 974.9666 1025.333 1050.999 1047.981 1045.129 1025.313 967.524 948.7461 1019.949 1094.592 1114.927 1103.714 1089.53 1089.961 1146.325 1222.798 1273.623 1260.522 1246.986 1277.063 1300.249 1283.204 1254.017 1251.088 1250.651 1252.422 1243.055
